gpa2_2	0	M	-	0	-	-	-	-	-	-	-	-	-
gpa2_2	1	A	-	0	-	-	-	-	-	-	-	-	-
gpa2_2	2	Y	-	0	-	-	-	-	-	-	-	-	-
gpa2_2	3	A	-	0	-	-	-	-	-	-	-	-	-
gpa2_2	4	A	-	0	-	-	-	-	-	-	-	-	-
gpa2_2	5	V	-	1	0.0	0.0	0.0001	0.0002	0.0	0.0	0.0	0.0001	0.0001	
gpa2_2	6	T	-	1	0.0	0.0	0.0002	0.0	0.0	0.0	0.0	0.0	0.0	
gpa2_2	7	S	-	1	0.0001	0.0001	0.0001	0.0004	0.0	0.0	0.0	0.0004	0.0001	
gpa2_2	8	L	-	1	0.0001	0.0	0.0002	0.0	0.0	0.0	0.0	0.0	0.0	
gpa2_2	9	M	-	1	0.0093	0.0007	0.0008	0.0119	0.0001	0.0	0.0	0.0012	0.003	
gpa2_2	10	R	-	1	0.0	0.0	0.0001	0.0	0.0	0.0	0.0	0.0	0.0	
gpa2_2	11	T	-	1	0.0004	0.0003	0.0002	0.0002	0.0003	0.0	0.0	0.0	0.0002	
gpa2_2	12	I	-	1	0.0002	0.0003	0.0651	0.0006	0.0	0.0	0.0	0.0001	0.0083	
gpa2_2	13	H	-	1	0.0001	0.0	0.0002	0.0082	0.0	0.0	0.0	0.0001	0.0011	
gpa2_2	14	Q	-	1	0.0001	0.0	0.0005	0.0	0.0001	0.0	0.0	0.0	0.0001	
gpa2_2	15	S	-	1	0.0003	0.0	0.0002	0.0003	0.0	0.0	0.0	0.0	0.0001	
gpa2_2	16	M	-	1	0.0	0.0	0.0002	0.0	0.0	0.0	0.0	0.0	0.0	
gpa2_2	17	E	-	1	0.0	0.0	0.0002	0.0	0.0	0.0	0.0	0.0	0.0	
gpa2_2	18	L	-	1	0.0005	0.0	0.0005	0.0005	0.0	0.0	0.0	0.0	0.0002	
gpa2_2	19	T	-	1	0.0003	0.0	0.0008	0.0	0.0	0.0	0.0	0.0	0.0001	
gpa2_2	20	G	-	1	0.0011	0.0001	0.0004	0.0002	0.0001	0.0	0.0	0.0	0.0003	
gpa2_2	21	C	-	1	0.0	0.0002	0.0006	0.0002	0.0	0.0001	0.0	0.0002	0.0002	
gpa2_2	22	D	-	1	0.0002	0.0	0.0005	0.0001	0.0	0.0	0.0	0.0	0.0001	
gpa2_2	23	L	-	1	0.0003	0.0	0.0015	0.0015	0.0	0.0	0.0	0.0001	0.0004	
gpa2_2	24	Q	-	1	0.0	0.0	0.0004	0.0	0.0	0.0	0.0	0.0	0.0	
gpa2_2	25	P	-	1	0.0001	0.0	0.0001	0.0	0.0	0.0	0.0	0.0001	0.0	
gpa2_2	26	F	-	1	0.0	0.0	0.0002	0.0	0.0	0.0	0.0	0.0	0.0	
gpa2_2	27	Y	-	1	0.0003	0.0001	0.0001	0.0022	0.0	0.0	0.0	0.0	0.0003	
gpa2_2	28	E	-	1	0.0	0.0	0.0001	0.0001	0.0	0.0	0.0	0.0	0.0	
gpa2_2	29	K	-	1	0.0	0.0	0.0001	0.0	0.0	0.0	0.0	0.0	0.0	
gpa2_2	30	L	-	1	0.0005	0.0	0.0001	0.0021	0.0	0.0	0.0	0.0001	0.0004	
gpa2_2	31	K	-	1	0.0	0.0	0.0001	0.0	0.0	0.0	0.0	0.0	0.0	
gpa2_2	32	S	-	1	0.0001	0.0	0.0	0.0	0.0001	0.0	0.0	0.0	0.0	
gpa2_2	33	L	-	1	0.0001	0.0	0.0001	0.0005	0.0	0.0	0.0	0.0	0.0001	
gpa2_2	34	R	-	1	0.0	0.0	0.0001	0.0003	0.0	0.0	0.0	0.0	0.0	
gpa2_2	35	A	-	1	0.0	0.0	0.0001	0.0	0.0	0.0	0.0	0.0001	0.0	
gpa2_2	36	I	-	1	0.0	0.0	0.0002	0.0001	0.0	0.0	0.0	0.0	0.0	
gpa2_2	37	L	-	1	0.0014	0.0001	0.0002	0.0	0.0003	0.0	0.0	0.0	0.0003	
gpa2_2	38	E	-	1	0.0	0.0	0.0001	0.0	0.0	0.0	0.0	0.0	0.0	
gpa2_2	39	K	-	1	0.0	0.0	0.0002	0.0	0.0	0.0	0.0	0.0	0.0	
gpa2_2	40	S	-	1	0.0001	0.0	0.0004	0.0011	0.0	0.0	0.0	0.0	0.0002	
gpa2_2	41	C	-	1	0.0	0.0	0.0002	0.0	0.0	0.0	0.0	0.0	0.0	
gpa2_2	42	N	-	1	0.0	0.0	0.0003	0.0	0.0	0.0	0.0	0.0	0.0	
gpa2_2	43	I	-	1	0.0	0.0	0.0002	0.0	0.0	0.0	0.0	0.0	0.0	
gpa2_2	44	M	-	1	0.0	0.0	0.0002	0.0	0.0	0.0	0.0	0.0	0.0	
gpa2_2	45	G	-	1	0.0	0.0	0.0003	0.0001	0.0	0.0	0.0	0.0	0.0001	
gpa2_2	46	D	-	1	0.0	0.0	0.0004	0.0	0.0	0.0	0.0	0.0	0.0001	
gpa2_2	47	H	-	1	0.0	0.0	0.0002	0.0001	0.0	0.0	0.0	0.0	0.0001	
gpa2_2	48	E	-	1	0.0002	0.0	0.0008	0.0016	0.0001	0.0	0.0	0.0	0.0003	
gpa2_2	49	G	-	1	0.0002	0.0	0.0003	0.0	0.0	0.0	0.0	0.0	0.0001	
gpa2_2	50	L	-	1	0.0	0.0	0.0001	0.0	0.0	0.0	0.0	0.0	0.0	
gpa2_2	51	T	-	1	0.0001	0.0	0.0001	0.0001	0.0	0.0	0.0	0.0	0.0	
gpa2_2	52	I	-	1	0.0	0.0	0.0	0.0	0.0	0.0	0.0	0.0	0.0	
gpa2_2	53	L	-	1	0.0	0.0	0.0	0.0	0.0	0.0	0.0	0.0	0.0	
gpa2_2	54	E	-	1	0.0	0.0	0.0	0.0002	0.0	0.0	0.0	0.0	0.0	
gpa2_2	55	V	-	1	0.0	0.0	0.0	0.0	0.0	0.0	0.0	0.0	0.0	
gpa2_2	56	E	-	1	0.0	0.0	0.0	0.0	0.0	0.0	0.0	0.0	0.0	
gpa2_2	57	I	-	1	0.0	0.0	0.0	0.0013	0.0	0.0	0.0	0.0	0.0002	
gpa2_2	58	I	-	1	0.0	0.0	0.0	0.0	0.0	0.0	0.0	0.0	0.0	
gpa2_2	59	E	-	1	0.0	0.0	0.0	0.0	0.0	0.0	0.0	0.0	0.0	
gpa2_2	60	V	-	1	0.0	0.0	0.0	0.0	0.0	0.0	0.0	0.0	0.0	
gpa2_2	61	A	-	1	0.0	0.0	0.0	0.0	0.0	0.0	0.0	0.0	0.0	
gpa2_2	62	Y	-	1	0.0	0.0	0.0	0.0	0.0	0.0	0.0	0.0	0.0	
gpa2_2	63	T	-	1	0.0	0.0	0.0	0.0	0.0	0.0	0.0	0.0	0.0	
gpa2_2	64	T	-	1	0.0	0.0	0.0001	0.0	0.0	0.0	0.0	0.0	0.0	
gpa2_2	65	E	-	1	0.0	0.0	0.0	0.0001	0.0	0.0	0.0	0.0	0.0	
gpa2_2	66	D	-	1	0.0	0.0	0.0	0.0002	0.0	0.0	0.0	0.0	0.0	
gpa2_2	67	M	-	1	0.0	0.0	0.0001	0.0	0.0001	0.0	0.0	0.0	0.0	
gpa2_2	68	V	-	1	0.0	0.0	0.0001	0.0	0.0	0.0	0.0	0.0	0.0	
gpa2_2	69	D	-	1	0.0	0.0	0.0002	0.0	0.0	0.0	0.0	0.0	0.0	
gpa2_2	70	S	-	1	0.0	0.0	0.0001	0.0	0.0	0.0	0.0	0.0	0.0	
gpa2_2	71	E	-	1	0.0002	0.0	0.0004	0.0	0.0001	0.0	0.0	0.0	0.0001	
gpa2_2	72	S	-	1	0.0005	0.0001	0.0006	0.0005	0.0007	0.0001	0.0	0.0002	0.0003	
gpa2_2	73	R	-	1	0.0004	0.0001	0.0007	0.0008	0.0007	0.0	0.0	0.0002	0.0004	
gpa2_2	74	N	-	1	0.0	0.0	0.0011	0.0003	0.0001	0.0	0.0	0.0005	0.0003	
gpa2_2	75	V	-	1	0.0015	0.0032	0.0039	0.0012	0.0013	0.0001	0.0	0.0008	0.0015	
gpa2_2	76	F	-	1	0.0135	0.0052	0.0027	0.0003	0.0012	0.0001	0.0	0.001	0.003	
gpa2_2	77	L	-	1	0.0062	0.0061	0.0048	0.0001	0.0018	0.0001	0.0	0.0005	0.0024	
gpa2_2	78	A	-	1	0.0104	0.0024	0.0065	0.0008	0.002	0.0001	0.0	0.0005	0.0028	
gpa2_2	79	R	-	1	0.0033	0.0012	0.008	0.0001	0.0012	0.0001	0.0	0.0003	0.0018	
gpa2_2	80	N	-	1	0.0003	0.0022	0.0096	0.0001	0.0003	0.0001	0.0	0.0001	0.0016	
gpa2_2	81	V	-	1	0.0083	0.0022	0.0102	0.0002	0.002	0.0001	0.0	0.0001	0.0029	
gpa2_2	82	G	-	1	0.0061	0.0093	0.0121	0.0053	0.0081	0.0003	0.0	0.0001	0.0052	
gpa2_2	83	K	-	1	0.0019	0.0065	0.0114	0.0011	0.0024	0.0003	0.0	0.0035	0.0034	
gpa2_2	84	R	-	1	0.023	0.0055	0.0144	0.0006	0.0015	0.0001	0.0	0.0012	0.0058	
gpa2_2	85	S	-	1	0.0099	0.0044	0.0083	0.0006	0.0015	0.0001	0.0	0.0001	0.0031	
gpa2_2	86	R	-	1	0.0081	0.0134	0.0065	0.0077	0.0024	0.0001	0.0	0.0014	0.005	
gpa2_2	87	A	-	1	0.0005	0.0003	0.0069	0.0001	0.0002	0.0	0.0	0.0	0.001	
gpa2_2	88	M	-	1	0.007	0.0012	0.007	0.0008	0.0002	0.0	0.0	0.0006	0.0021	
gpa2_2	89	W	-	1	0.002	0.0023	0.0069	0.0002	0.0009	0.0001	0.0	0.0001	0.0016	
gpa2_2	90	G	-	1	0.0247	0.0035	0.0047	0.0026	0.0089	0.0001	0.0	0.0	0.0056	
gpa2_2	91	I	-	1	0.0001	0.0002	0.006	0.0001	0.0001	0.0	0.0	0.0	0.0008	
gpa2_2	92	F	-	1	0.0008	0.0004	0.0015	0.0029	0.0002	0.0	0.0	0.0001	0.0008	
gpa2_2	93	F	-	1	0.0016	0.0005	0.0013	0.0001	0.0004	0.0	0.0	0.0	0.0005	
gpa2_2	94	V	-	1	0.0042	0.001	0.0007	0.0	0.0012	0.0	0.0	0.0	0.0009	
gpa2_2	95	L	-	1	0.0028	0.0006	0.0014	0.0143	0.0003	0.0	0.0	0.0	0.0024	
gpa2_2	96	E	-	1	0.0006	0.0019	0.0013	0.0022	0.0002	0.0	0.0	0.0001	0.0008	
gpa2_2	97	Q	-	1	0.0028	0.0131	0.0013	0.0001	0.0005	0.0001	0.0	0.0	0.0022	
gpa2_2	98	A	-	1	0.0019	0.0006	0.0014	0.0	0.0005	0.0	0.0	0.0	0.0006	
gpa2_2	99	L	-	1	0.0198	0.0009	0.0023	0.0001	0.0002	0.0	0.0	0.0	0.0029	
gpa2_2	100	E	-	1	0.0005	0.0001	0.0007	0.0	0.0001	0.0	0.0	0.0	0.0002	
gpa2_2	101	C	-	1	0.0004	0.0001	0.0005	0.0	0.0001	0.0	0.0	0.0	0.0001	
gpa2_2	102	I	-	1	0.0016	0.0003	0.0015	0.0001	0.0002	0.0	0.0	0.0	0.0005	
gpa2_2	103	D	-	1	0.0003	0.0001	0.0015	0.0	0.0	0.0	0.0	0.0	0.0002	
gpa2_2	104	S	-	1	0.0003	0.0001	0.0009	0.0	0.0001	0.0	0.0	0.0	0.0002	
gpa2_2	105	T	-	1	0.0006	0.0002	0.0012	0.001	0.0002	0.0	0.0	0.0	0.0004	
gpa2_2	106	V	-	1	0.0038	0.0018	0.0015	0.0024	0.0008	0.0002	0.0	0.0	0.0013	
gpa2_2	107	K	-	1	0.0016	0.0011	0.0017	0.0063	0.0004	0.0003	0.0	0.0001	0.0014	
gpa2_2	108	Q	-	1	0.001	0.0002	0.0016	0.0001	0.0005	0.0001	0.0	0.0	0.0004	
gpa2_2	109	W	-	1	0.026	0.0012	0.0035	0.0004	0.0009	0.0002	0.0	0.0	0.004	
gpa2_2	110	M	-	1	0.0015	0.0003	0.0052	0.0002	0.0008	0.0003	0.0	0.0	0.0011	
gpa2_2	111	A	-	1	0.0004	0.0003	0.0032	0.0	0.0003	0.0002	0.0	0.0001	0.0006	
gpa2_2	112	T	-	1	0.0	0.0001	0.0047	0.0001	0.0002	0.0002	0.0	0.0	0.0007	
gpa2_2	113	S	-	1	0.0013	0.0007	0.0059	0.0022	0.0028	0.0006	0.0	0.0002	0.0017	
gpa2_2	114	D	-	1	0.0056	0.0005	0.004	0.0004	0.0086	0.0008	0.0	0.0	0.0025	
gpa2_2	115	S	-	1	0.0007	0.0003	0.0025	0.0018	0.0017	0.0003	0.0	0.0001	0.0009	
gpa2_2	116	M	-	1	0.0017	0.0007	0.0042	0.0002	0.0041	0.0006	0.0	0.0001	0.0015	
gpa2_2	117	K	-	1	0.0008	0.0003	0.006	0.0008	0.0013	0.0006	0.0	0.0017	0.0015	
gpa2_2	118	D	-	1	0.0007	0.0005	0.0033	0.0013	0.0009	0.0009	0.0	0.0003	0.001	
gpa2_2	119	L	-	1	0.0013	0.0001	0.0038	0.0	0.0006	0.0003	0.0	0.0	0.0008	
gpa2_2	120	K	-	1	0.0041	0.0007	0.0045	0.001	0.0017	0.0011	0.0	0.0001	0.0016	
gpa2_2	121	P	-	1	0.0002	0.0002	0.0051	0.0029	0.0002	0.0005	0.0	0.0	0.0011	
gpa2_2	122	Q	-	1	0.0003	0.0002	0.0047	0.0	0.0002	0.0002	0.0	0.0	0.0007	
gpa2_2	123	T	-	1	0.0006	0.001	0.0062	0.0001	0.0002	0.0011	0.0	0.0004	0.0012	
gpa2_2	124	S	-	1	0.0012	0.0013	0.0063	0.001	0.0003	0.0008	0.0	0.0007	0.0014	
gpa2_2	125	S	-	1	0.001	0.0001	0.0031	0.0	0.0003	0.0002	0.0	0.0	0.0006	
gpa2_2	126	L	-	1	0.0018	0.0003	0.0037	0.0019	0.0002	0.0006	0.0	0.0003	0.0011	
gpa2_2	127	V	-	1	0.0001	0.0	0.0036	0.0	0.0001	0.0001	0.0	0.0	0.0005	
gpa2_2	128	S	-	1	0.0	0.0	0.0028	0.0	0.0	0.0001	0.0	0.0	0.0004	
gpa2_2	129	L	-	1	0.0015	0.0001	0.0022	0.0	0.0003	0.0002	0.0	0.0001	0.0006	
gpa2_2	130	P	-	1	0.0001	0.0	0.0033	0.0	0.0	0.0001	0.0	0.0	0.0004	
gpa2_2	131	E	-	1	0.0007	0.0	0.0019	0.0002	0.0002	0.0005	0.0	0.0001	0.0005	
gpa2_2	132	H	-	1	0.0001	0.0	0.0008	0.0022	0.0001	0.0001	0.0	0.0002	0.0004	
gpa2_2	133	D	-	1	0.0	0.0	0.0004	0.0001	0.0	0.0	0.0	0.0	0.0001	
gpa2_2	134	V	-	1	0.0	0.0	0.0003	0.0	0.0	0.0	0.0	0.0	0.0	
gpa2_2	135	E	-	1	0.0	0.0	0.0005	0.0	0.0	0.0	0.0	0.0	0.0001	
gpa2_2	136	Q	-	1	0.0001	0.0	0.0003	0.0	0.0	0.0	0.0	0.0	0.0001	
gpa2_2	137	P	-	1	0.0002	0.0	0.0004	0.0	0.0	0.0	0.0	0.0002	0.0001	
gpa2_2	138	E	-	1	0.0001	0.0	0.0002	0.0059	0.0	0.0001	0.0	0.0023	0.0011	
gpa2_2	139	N	-	1	0.0001	0.0	0.0002	0.0001	0.0001	0.0	0.0	0.0001	0.0001	
gpa2_2	140	I	-	1	0.0	0.0	0.0001	0.0	0.0	0.0	0.0	0.0	0.0	
gpa2_2	141	M	-	1	0.0	0.0	0.0	0.0	0.0	0.0	0.0	0.0	0.0	
gpa2_2	142	V	-	1	0.0	0.0	0.0	0.0	0.0	0.0	0.0	0.0	0.0	
gpa2_2	143	G	-	1	0.0	0.0	0.0	0.0	0.0	0.0	0.0	0.0	0.0	
gpa2_2	144	R	-	1	0.0	0.0	0.0	0.0	0.0	0.0	0.0	0.0	0.0	
gpa2_2	145	E	-	1	0.0	0.0	0.0	0.0	0.0	0.0	0.0	0.0	0.0	
gpa2_2	146	N	-	1	0.0	0.0	0.0	0.0001	0.0	0.0	0.0	0.0	0.0	
gpa2_2	147	E	-	1	0.0	0.0	0.0001	0.0001	0.0	0.0	0.0	0.0	0.0	
gpa2_2	148	F	-	1	0.0001	0.0	0.0	0.0001	0.0	0.0	0.0	0.0	0.0	
gpa2_2	149	E	-	1	0.0	0.0	0.0001	0.0001	0.0	0.0	0.0	0.0	0.0	
gpa2_2	150	M	-	1	0.0	0.0	0.0001	0.0	0.0	0.0	0.0	0.0	0.0	
gpa2_2	151	M	-	1	0.0004	0.0001	0.0001	0.0008	0.0002	0.0	0.0	0.0	0.0002	
gpa2_2	152	L	-	1	0.0001	0.0002	0.0002	0.0128	0.0	0.0	0.0	0.0	0.0017	
gpa2_2	153	D	-	1	0.0	0.0	0.0002	0.0	0.0	0.0	0.0	0.0	0.0	
gpa2_2	154	Q	-	1	0.0	0.0	0.0001	0.0001	0.0	0.0	0.0	0.0	0.0	
gpa2_2	155	L	-	1	0.0	0.0	0.0002	0.0	0.0001	0.0	0.0	0.0	0.0	
gpa2_2	156	A	-	1	0.0	0.0	0.0001	0.0	0.0	0.0	0.0	0.0	0.0	
gpa2_2	157	R	-	1	0.0	0.0	0.0001	0.0	0.0	0.0	0.0	0.0	0.0	
gpa2_2	158	G	-	1	0.0	0.0	0.0001	0.0	0.0	0.0	0.0	0.0	0.0	
gpa2_2	159	G	-	1	0.0	0.0	0.0001	0.0005	0.0	0.0	0.0	0.0002	0.0001	
gpa2_2	160	R	-	1	0.0	0.0	0.0	0.0	0.0	0.0	0.0	0.0001	0.0	
gpa2_2	161	E	-	1	0.0	0.0	0.0001	0.0	0.0	0.0	0.0	0.0	0.0	
gpa2_2	162	L	-	1	0.0001	0.0	0.0001	0.0009	0.0	0.0	0.0	0.0184	0.0025	
gpa2_2	163	E	-	1	0.0	0.0	0.0	0.0	0.0	0.0	0.0	0.0	0.0	
gpa2_2	164	V	-	1	0.0	0.0	0.0	0.0001	0.0	0.0	0.0	0.0027	0.0003	
gpa2_2	165	V	-	1	0.0	0.0	0.0	0.0	0.0	0.0	0.0	0.0	0.0	
gpa2_2	166	S	-	1	0.0	0.0	0.0	0.0	0.0	0.0	0.0	0.0	0.0	
gpa2_2	167	I	-	1	0.0	0.0	0.0	0.0	0.0	0.0	0.0	0.0	0.0	
gpa2_2	168	V	-	1	0.0	0.0	0.0	0.0	0.0	0.0	0.0	0.0	0.0	
gpa2_2	169	G	-	1	0.0	0.0	0.0	0.0	0.0	0.0	0.0	0.0	0.0	
gpa2_2	170	M	-	1	0.0	0.0	0.0	0.0	0.0	0.0	0.0	0.0	0.0	
gpa2_2	171	G	-	1	0.0	0.0	0.0	0.0	0.0	0.0	0.0	0.0	0.0	
gpa2_2	172	G	-	1	0.0	0.0	0.0	0.0	0.0	0.0	0.0	0.0	0.0	
gpa2_2	173	I	-	1	0.0	0.0	0.0	0.0	0.0	0.0	0.0	0.0	0.0	
gpa2_2	174	G	-	1	0.0	0.0	0.0	0.0	0.0	0.0	0.0	0.0	0.0	
gpa2_2	175	K	-	1	0.0	0.0	0.0	0.0	0.0	0.0	0.0	0.0	0.0	
gpa2_2	176	T	-	1	0.0	0.0	0.0	0.0	0.0	0.0	0.0	0.0	0.0	
gpa2_2	177	T	-	1	0.0	0.0	0.0	0.0	0.0	0.0	0.0	0.0	0.0	
gpa2_2	178	L	-	1	0.0	0.0	0.0	0.0014	0.0	0.0	0.0	0.0	0.0002	
gpa2_2	179	A	-	1	0.0	0.0	0.0	0.0001	0.0	0.0	0.0	0.0001	0.0	
gpa2_2	180	A	-	1	0.0	0.0	0.0	0.0	0.0	0.0	0.0	0.0	0.0	
gpa2_2	181	K	-	1	0.0	0.0	0.0	0.0	0.0	0.0	0.0	0.0	0.0	
gpa2_2	182	L	-	1	0.0	0.0	0.0001	0.0	0.0	0.0	0.0	0.0	0.0	
gpa2_2	183	Y	-	1	0.0003	0.0	0.0001	0.0013	0.0	0.0	0.0	0.0005	0.0003	
gpa2_2	184	S	-	1	0.0001	0.0	0.0003	0.0	0.0	0.0	0.0	0.0	0.0001	
gpa2_2	185	D	-	1	0.0003	0.0	0.0008	0.0	0.0006	0.0	0.0	0.0	0.0002	
gpa2_2	186	P	-	1	0.0008	0.0003	0.0013	0.0	0.0014	0.0	0.0	0.0	0.0005	
gpa2_2	187	Y	-	1	0.0038	0.0043	0.0008	0.0006	0.005	0.0003	0.0	0.0025	0.0022	
gpa2_2	188	I	-	1	0.0002	0.0001	0.0021	0.0004	0.0003	0.0	0.0	0.0006	0.0005	
gpa2_2	189	M	-	1	0.0048	0.0024	0.0026	0.0019	0.0026	0.0001	0.0	0.0097	0.003	
gpa2_2	190	S	-	1	0.0005	0.0001	0.003	0.0001	0.0005	0.0	0.0	0.0005	0.0006	
gpa2_2	191	R	-	1	0.0315	0.0115	0.0051	0.0033	0.2897	0.0015	0.0097	0.0143	0.0458	
gpa2_2	192	F	-	1	0.0002	0.0001	0.0028	0.0002	0.0043	0.0001	0.0	0.002	0.0012	
gpa2_2	193	D	-	1	0.001	0.0015	0.0027	0.0001	0.0202	0.0026	0.0	0.0026	0.0038	
gpa2_2	194	I	-	1	0.0003	0.0001	0.0028	0.0001	0.0022	0.0001	0.0	0.0005	0.0008	
gpa2_2	195	R	-	1	0.0013	0.0011	0.0051	0.0015	0.0076	0.0023	0.0	0.0068	0.0032	
gpa2_2	196	A	-	1	0.0	0.0005	0.001	0.0001	0.0003	0.0001	0.0	0.0011	0.0004	
gpa2_2	197	K	-	1	0.0007	0.0017	0.0025	0.0004	0.0006	0.0002	0.0	0.0002	0.0008	
gpa2_2	198	A	-	1	0.0	0.0001	0.0028	0.0001	0.0	0.0	0.0	0.0	0.0004	
gpa2_2	199	T	-	1	0.0	0.0	0.0011	0.0001	0.0	0.0	0.0	0.0	0.0001	
gpa2_2	200	V	-	1	0.0	0.0	0.0018	0.0001	0.0	0.0	0.0	0.0	0.0002	
gpa2_2	201	S	-	1	0.0001	0.0001	0.0016	0.0	0.0	0.0	0.0	0.0	0.0002	
gpa2_2	202	Q	-	1	0.0	0.0	0.0042	0.0006	0.0	0.0	0.0	0.0	0.0006	
gpa2_2	203	E	-	1	0.0	0.0	0.0009	0.0003	0.0	0.0	0.0	0.0001	0.0002	
gpa2_2	204	Y	-	1	0.0012	0.0004	0.0007	0.0002	0.0005	0.0	0.0	0.0005	0.0004	
gpa2_2	205	C	-	1	0.0007	0.0003	0.0006	0.0001	0.0005	0.0	0.0	0.0	0.0003	
gpa2_2	206	V	-	1	0.0101	0.0001	0.0013	0.0006	0.001	0.0	0.0	0.0002	0.0017	
gpa2_2	207	R	-	1	0.0003	0.0001	0.0011	0.0001	0.0001	0.0	0.0	0.0002	0.0002	
gpa2_2	208	N	-	1	0.0008	0.0022	0.001	0.0	0.0004	0.0	0.0	0.0001	0.0006	
gpa2_2	209	V	-	1	0.0021	0.0011	0.0017	0.0	0.0012	0.0	0.0	0.0	0.0008	
gpa2_2	210	L	-	1	0.0014	0.001	0.0012	0.0028	0.0004	0.0001	0.0	0.0004	0.0009	
gpa2_2	211	L	-	1	0.0007	0.0003	0.0016	0.0004	0.0003	0.0001	0.0	0.0001	0.0004	
gpa2_2	212	G	-	1	0.0003	0.0	0.0011	0.0	0.0	0.0	0.0	0.0	0.0002	
gpa2_2	213	L	-	1	0.0014	0.0003	0.0016	0.0001	0.0004	0.0	0.0	0.0001	0.0005	
gpa2_2	214	L	-	1	0.0018	0.0006	0.0026	0.0007	0.0001	0.0001	0.0	0.0003	0.0008	
gpa2_2	215	S	-	1	0.0001	0.0	0.0016	0.0	0.0001	0.0	0.0	0.0	0.0002	
gpa2_2	216	L	-	1	0.0005	0.0001	0.0029	0.0	0.0003	0.0	0.0	0.0002	0.0005	
gpa2_2	217	T	-	1	0.0008	0.0	0.0031	0.0001	0.0005	0.0	0.0	0.0001	0.0006	
gpa2_2	218	S	-	1	0.0001	0.0	0.0033	0.0001	0.0	0.0	0.0	0.0	0.0004	
gpa2_2	219	D	-	1	0.0002	0.0	0.0025	0.0001	0.0	0.0	0.0	0.0	0.0003	
gpa2_2	220	E	-	1	0.0014	0.0006	0.0033	0.0018	0.0005	0.0002	0.0	0.0002	0.001	
gpa2_2	221	P	-	1	0.0002	0.0001	0.0028	0.0004	0.0001	0.0	0.0	0.0001	0.0005	
gpa2_2	222	D	-	1	0.0008	0.0	0.0019	0.0001	0.0	0.0	0.0	0.0	0.0004	
gpa2_2	223	Y	-	1	0.0002	0.0001	0.0023	0.0	0.0001	0.0	0.0	0.0001	0.0004	
gpa2_2	224	Q	-	1	0.0014	0.0041	0.0012	0.0001	0.0001	0.0	0.0	0.0	0.0009	
gpa2_2	225	L	-	1	0.0001	0.0001	0.0017	0.0001	0.0003	0.0	0.0	0.0	0.0003	
gpa2_2	226	A	-	1	0.0003	0.0001	0.0012	0.0002	0.0	0.0	0.0	0.0	0.0002	
gpa2_2	227	D	-	1	0.0	0.0	0.0013	0.0	0.0	0.0	0.0	0.0	0.0002	
gpa2_2	228	Q	-	1	0.0002	0.0004	0.0003	0.0002	0.0001	0.0	0.0	0.0	0.0002	
gpa2_2	229	L	-	1	0.0004	0.0	0.0003	0.0003	0.0005	0.0	0.0	0.0003	0.0002	
gpa2_2	230	Q	-	1	0.0002	0.0	0.0001	0.0029	0.0001	0.0	0.0	0.0	0.0004	
gpa2_2	231	K	-	1	0.0	0.0	0.0	0.0	0.0	0.0	0.0	0.0	0.0	
gpa2_2	232	H	-	1	0.0	0.0	0.0	0.0	0.0	0.0	0.0	0.0	0.0	
gpa2_2	233	L	-	1	0.0	0.0	0.0	0.0	0.0	0.0	0.0	0.0006	0.0001	
gpa2_2	234	K	-	1	0.0	0.0	0.0	0.0	0.0	0.0	0.0	0.0	0.0	
gpa2_2	235	G	-	1	0.0	0.0	0.0	0.0001	0.0	0.0	0.0	0.0	0.0	
gpa2_2	236	R	-	1	0.0102	0.0006	0.0	0.0011	0.0021	0.0001	0.0	0.0013	0.0019	
gpa2_2	237	R	-	1	0.0002	0.0013	0.0	0.0938	0.0002	0.0	0.0	0.0	0.012	
gpa2_2	238	Y	-	1	0.0	0.0	0.0	0.0013	0.0	0.0	0.0	0.0	0.0002	
gpa2_2	239	L	-	1	0.0018	0.0	0.0	0.0052	0.0002	0.0	0.0	0.0011	0.001	
gpa2_2	240	V	-	1	0.0	0.0	0.0	0.0001	0.0	0.0	0.0	0.0	0.0	
gpa2_2	241	V	-	1	0.0	0.0	0.0	0.0	0.0	0.0	0.0	0.0	0.0	
gpa2_2	242	I	-	1	0.0	0.0	0.0	0.0001	0.0	0.0	0.0	0.0004	0.0001	
gpa2_2	243	D	-	1	0.0	0.0	0.0	0.0	0.0	0.0	0.0	0.0	0.0	
gpa2_2	244	D	-	1	0.0	0.0	0.0	0.0	0.0	0.0	0.0	0.0	0.0	
gpa2_2	245	I	-	1	0.0	0.0	0.0001	0.0	0.0	0.0	0.0	0.0	0.0	
gpa2_2	246	W	-	1	0.0	0.0	0.0001	0.0	0.0	0.0	0.0	0.0	0.0	
gpa2_2	247	T	-	1	0.0	0.0	0.0001	0.0	0.0	0.0	0.0	0.0	0.0	
gpa2_2	248	T	-	1	0.0	0.0	0.0002	0.0005	0.0	0.0	0.0	0.0001	0.0001	
gpa2_2	249	E	-	1	0.0	0.0001	0.0003	0.0	0.0	0.0	0.0	0.0	0.0001	
gpa2_2	250	A	-	1	0.0	0.0	0.0011	0.0	0.0	0.0	0.0	0.0	0.0002	
gpa2_2	251	W	-	1	0.0047	0.0003	0.0022	0.0002	0.0003	0.0	0.0	0.0001	0.001	
gpa2_2	252	D	-	1	0.0001	0.0002	0.0014	0.0001	0.0001	0.0	0.0	0.0007	0.0003	
gpa2_2	253	D	-	1	0.0008	0.0007	0.002	0.0018	0.0006	0.0001	0.0	0.0001	0.0008	
gpa2_2	254	I	-	1	0.0001	0.0002	0.0068	0.0028	0.0001	0.0	0.0	0.0003	0.0013	
gpa2_2	255	K	-	1	0.0007	0.0003	0.0018	0.0212	0.0	0.0	0.0	0.0142	0.0048	
gpa2_2	256	L	-	1	0.0001	0.0	0.0015	0.0001	0.0002	0.0	0.0	0.0004	0.0003	
gpa2_2	257	C	-	1	0.0002	0.0	0.0007	0.0	0.0002	0.0	0.0	0.0	0.0001	
gpa2_2	258	F	-	1	0.0001	0.0	0.0002	0.0	0.0011	0.0	0.0	0.0	0.0002	
gpa2_2	259	P	-	1	0.0	0.0	0.0001	0.0	0.0	0.0	0.0	0.0001	0.0	
gpa2_2	260	D	-	1	0.0	0.0	0.0001	0.0	0.0	0.0	0.0	0.0	0.0	
gpa2_2	261	C	-	1	0.0	0.0	0.0	0.0	0.0	0.0	0.0	0.0004	0.0001	
gpa2_2	262	D	-	1	0.0	0.0	0.0001	0.0002	0.0	0.0	0.0	0.0001	0.0	
gpa2_2	263	N	-	1	0.0	0.0	0.0	0.0012	0.0	0.0	0.0	0.0008	0.0003	
gpa2_2	264	G	-	1	0.0002	0.0002	0.0001	0.0023	0.0002	0.0	0.0	0.004	0.0009	
gpa2_2	265	S	-	1	0.0019	0.0035	0.0002	0.002	0.0017	0.0001	0.0	0.0007	0.0013	
gpa2_2	266	R	-	1	0.0	0.0001	0.0	0.0013	0.0	0.0	0.0	0.0092	0.0013	
gpa2_2	267	I	-	1	0.0	0.0	0.0	0.0002	0.0	0.0	0.0	0.0003	0.0001	
gpa2_2	268	L	-	1	0.0	0.0	0.0	0.0	0.0	0.0	0.0	0.0	0.0	
gpa2_2	269	L	-	1	0.0	0.0	0.0	0.0	0.0	0.0	0.0	0.0	0.0	
gpa2_2	270	T	-	1	0.0	0.0	0.0	0.0	0.0	0.0	0.0	0.0	0.0	
gpa2_2	271	T	-	1	0.0	0.0	0.0	0.0	0.0	0.0	0.0	0.0	0.0	
gpa2_2	272	R	-	1	0.0	0.0	0.0	0.0	0.0	0.0	0.0	0.0	0.0	
gpa2_2	273	N	-	1	0.0	0.0	0.0001	0.0	0.0	0.0	0.0	0.0	0.0	
gpa2_2	274	V	-	1	0.0001	0.0	0.0002	0.0	0.0	0.0	0.0	0.0	0.0	
gpa2_2	275	E	-	1	0.0022	0.0001	0.0003	0.0006	0.0	0.0	0.0	0.0001	0.0004	
gpa2_2	276	V	-	1	0.0007	0.0002	0.001	0.0025	0.0	0.0	0.0	0.0	0.0006	
gpa2_2	277	A	-	1	0.0011	0.0007	0.0029	0.0	0.0001	0.0001	0.0	0.0	0.0006	
gpa2_2	278	E	-	1	0.0001	0.0001	0.0025	0.0	0.0001	0.0	0.0	0.0006	0.0004	
gpa2_2	279	Y	-	1	0.0001	0.0	0.0016	0.0	0.0001	0.0	0.0	0.0001	0.0002	
gpa2_2	280	A	-	1	0.0001	0.0	0.004	0.0002	0.0001	0.0	0.0	0.0	0.0005	
gpa2_2	281	S	-	1	0.0	0.0	0.0017	0.0	0.0	0.0	0.0	0.0	0.0002	
gpa2_2	282	S	-	1	0.0004	0.0	0.0017	0.0007	0.0003	0.0	0.0	0.0009	0.0005	
gpa2_2	283	G	-	1	0.0001	0.0	0.0018	0.0001	0.0004	0.0001	0.0	0.0026	0.0006	
gpa2_2	284	K	-	1	0.0187	0.0133	0.0156	0.0101	0.1655	0.0079	0.0	0.0146	0.0307	
gpa2_2	285	P	-	1	0.0001	0.0	0.0022	0.0003	0.0002	0.0	0.0	0.0001	0.0004	
gpa2_2	286	P	-	1	0.0173	0.001	0.0004	0.0142	0.0042	0.0004	0.0	0.0007	0.0048	
gpa2_2	287	H	-	1	0.0001	0.0	0.0003	0.0004	0.0	0.0	0.0	0.0001	0.0001	
gpa2_2	288	H	-	1	0.0001	0.0	0.0004	0.0	0.0	0.0	0.0	0.0	0.0001	
gpa2_2	289	M	-	1	0.0002	0.0001	0.1002	0.0001	0.0	0.0	0.0	0.0	0.0126	
gpa2_2	290	R	-	1	0.0	0.0	0.0001	0.0	0.0	0.0	0.0	0.0	0.0	
gpa2_2	291	L	-	1	0.0001	0.0	0.0001	0.0	0.0	0.0	0.0	0.0	0.0	
gpa2_2	292	M	-	1	0.0001	0.0	0.0002	0.0001	0.0	0.0	0.0	0.0	0.0	
gpa2_2	293	N	-	1	0.0	0.0	0.0001	0.0	0.0	0.0	0.0	0.0	0.0	
gpa2_2	294	F	-	1	0.0	0.0	0.0003	0.0	0.0	0.0	0.0	0.0	0.0	
gpa2_2	295	D	-	1	0.0006	0.0	0.0001	0.0001	0.0002	0.0	0.0	0.0	0.0001	
gpa2_2	296	E	-	1	0.0	0.0004	0.0001	0.0	0.0	0.0	0.0	0.0	0.0001	
gpa2_2	297	S	-	1	0.0	0.0002	0.0003	0.0039	0.0	0.0	0.0	0.0001	0.0006	
gpa2_2	298	W	-	1	0.0002	0.0	0.0004	0.0007	0.0	0.0	0.0	0.0	0.0002	
gpa2_2	299	N	-	1	0.0001	0.0	0.0002	0.0	0.0	0.0	0.0	0.0	0.0	
gpa2_2	300	L	-	1	0.0	0.0002	0.0002	0.0001	0.0	0.0	0.0	0.0	0.0001	
gpa2_2	301	L	-	1	0.0001	0.0004	0.0006	0.0005	0.0	0.0	0.0	0.0002	0.0002	
gpa2_2	302	H	-	1	0.0003	0.0001	0.0006	0.0328	0.0	0.0	0.0	0.0007	0.0043	
gpa2_2	303	K	-	1	0.0001	0.0	0.0004	0.0001	0.0001	0.0	0.0	0.0001	0.0001	
gpa2_2	304	K	-	1	0.0001	0.0	0.0003	0.0003	0.0001	0.0	0.0	0.0	0.0001	
gpa2_2	305	I	-	1	0.0002	0.0001	0.0008	0.0002	0.0003	0.0	0.0	0.0	0.0002	
gpa2_2	306	F	-	1	0.0009	0.0002	0.0016	0.0002	0.0	0.0001	0.0	0.0	0.0004	
gpa2_2	307	E	-	1	0.0015	0.0002	0.0031	0.0	0.0001	0.0001	0.0	0.0	0.0006	
gpa2_2	308	K	-	1	0.0012	0.0	0.0019	0.001	0.0001	0.0	0.0	0.0001	0.0005	
gpa2_2	309	E	-	1	0.0001	0.0	0.0022	0.0	0.0	0.0	0.0	0.0	0.0003	
gpa2_2	310	G	-	1	0.0	0.0	0.0037	0.0011	0.0	0.0	0.0	0.0	0.0006	
gpa2_2	311	S	-	1	0.0002	0.0001	0.0033	0.0055	0.0001	0.0001	0.0	0.0	0.0012	
gpa2_2	312	Y	-	1	0.0	0.0	0.0024	0.0004	0.0	0.0	0.0	0.0	0.0004	
gpa2_2	313	S	-	1	0.0001	0.0	0.0008	0.0007	0.0	0.0	0.0	0.0	0.0002	
gpa2_2	314	P	-	1	0.0002	0.0	0.0006	0.0	0.0	0.0	0.0	0.0002	0.0001	
gpa2_2	315	E	-	1	0.0001	0.0	0.0004	0.0	0.0	0.0	0.0	0.0	0.0001	
gpa2_2	316	F	-	1	0.0	0.0	0.0005	0.0027	0.0	0.0	0.0	0.0	0.0004	
gpa2_2	317	E	-	1	0.0	0.0	0.0002	0.0	0.0	0.0	0.0	0.0	0.0	
gpa2_2	318	N	-	1	0.0002	0.0	0.0	0.0003	0.0	0.0	0.0	0.0001	0.0001	
gpa2_2	319	I	-	1	0.0	0.0	0.0001	0.0	0.0	0.0	0.0	0.0	0.0	
gpa2_2	320	G	-	1	0.0001	0.0	0.0	0.0002	0.0	0.0	0.0	0.0	0.0001	
gpa2_2	321	K	-	1	0.0	0.0	0.0	0.0	0.0	0.0	0.0	0.0001	0.0	
gpa2_2	322	Q	-	1	0.0	0.0	0.0	0.0	0.0	0.0	0.0	0.0	0.0	
gpa2_2	323	I	-	1	0.0	0.0	0.0	0.0	0.0	0.0	0.0	0.0	0.0	
gpa2_2	324	A	-	1	0.0	0.0	0.0	0.0003	0.0	0.0	0.0	0.0	0.0	
gpa2_2	325	L	-	1	0.0	0.0	0.0	0.0	0.0	0.0	0.0	0.0	0.0	
gpa2_2	326	K	-	1	0.0	0.0	0.0	0.0	0.0	0.0	0.0	0.0	0.0	
gpa2_2	327	C	-	1	0.0	0.0	0.0	0.0001	0.0	0.0	0.0	0.0	0.0	
gpa2_2	328	G	-	1	0.0	0.0	0.0	0.0	0.0	0.0	0.0	0.0	0.0	
gpa2_2	329	G	-	1	0.0	0.0	0.0	0.0	0.0	0.0	0.0	0.0	0.0	
gpa2_2	330	L	-	1	0.0	0.0	0.0	0.0	0.0	0.0	0.0	0.0	0.0	
gpa2_2	331	P	-	1	0.0	0.0	0.0	0.0002	0.0	0.0	0.0	0.0	0.0	
gpa2_2	332	L	-	1	0.0	0.0	0.0	0.0	0.0	0.0	0.0	0.0001	0.0	
gpa2_2	333	A	-	1	0.0	0.0	0.0	0.0	0.0	0.0	0.0	0.0	0.0	
gpa2_2	334	I	-	1	0.0	0.0	0.0	0.0002	0.0	0.0	0.0	0.0	0.0	
gpa2_2	335	T	-	1	0.0	0.0	0.0	0.0	0.0	0.0	0.0	0.0	0.0	
gpa2_2	336	L	-	1	0.0	0.0	0.0	0.0001	0.0	0.0	0.0	0.0	0.0	
gpa2_2	337	I	-	1	0.0	0.0	0.0001	0.0001	0.0	0.0	0.0	0.0	0.0	
gpa2_2	338	A	-	1	0.0	0.0	0.0001	0.0003	0.0	0.0	0.0	0.0	0.0001	
gpa2_2	339	G	-	1	0.0	0.0	0.0001	0.0	0.0	0.0	0.0	0.0	0.0	
gpa2_2	340	L	-	1	0.0	0.0	0.0001	0.0	0.0	0.0	0.0	0.0	0.0	
gpa2_2	341	L	-	1	0.0	0.0	0.0002	0.0	0.0	0.0	0.0	0.0001	0.0	
gpa2_2	342	S	-	1	0.0	0.0	0.0001	0.0001	0.0	0.0	0.0	0.0	0.0	
gpa2_2	343	K	-	1	0.0	0.0	0.0002	0.0007	0.0	0.0	0.0	0.0	0.0001	
gpa2_2	344	I	-	1	0.0001	0.0	0.0004	0.0001	0.0	0.0	0.0	0.0	0.0001	
gpa2_2	345	S	-	1	0.0024	0.0008	0.0008	0.0103	0.0002	0.0001	0.0	0.0	0.0018	
gpa2_2	346	K	-	1	0.0004	0.0006	0.0013	0.0019	0.0003	0.0003	0.0	0.0	0.0006	
gpa2_2	347	T	-	1	0.0004	0.0001	0.001	0.0108	0.0001	0.0	0.0	0.0	0.0015	
gpa2_2	348	L	-	1	0.0012	0.0001	0.0054	0.0009	0.0001	0.0	0.0	0.0	0.001	
gpa2_2	349	D	-	1	0.0112	0.0014	0.0022	0.0002	0.0004	0.0	0.0	0.0	0.0019	
gpa2_2	350	E	-	1	0.0016	0.0005	0.0015	0.0005	0.0001	0.0	0.0	0.0002	0.0006	
gpa2_2	351	W	-	1	0.0023	0.0007	0.0013	0.0011	0.0003	0.0	0.0	0.0001	0.0007	
gpa2_2	352	Q	-	1	0.0015	0.0003	0.0011	0.002	0.0001	0.0	0.0	0.0002	0.0006	
gpa2_2	353	N	-	1	0.0001	0.0002	0.0022	0.0	0.0005	0.0	0.0	0.0	0.0004	
gpa2_2	354	V	-	1	0.0002	0.0002	0.0021	0.0001	0.0002	0.0	0.0	0.0	0.0004	
gpa2_2	355	A	-	1	0.002	0.0003	0.0027	0.0589	0.0015	0.0001	0.0	0.0002	0.0082	
gpa2_2	356	E	-	1	0.0001	0.0001	0.0034	0.0001	0.0001	0.0	0.0	0.0	0.0005	
gpa2_2	357	N	-	1	0.0027	0.0003	0.0024	0.0152	0.001	0.0	0.0	0.0	0.0027	
gpa2_2	358	V	-	1	0.0035	0.0008	0.004	0.0002	0.0003	0.0	0.0	0.0	0.0011	
gpa2_2	359	R	-	1	0.0095	0.0011	0.0028	0.0218	0.0002	0.0	0.0	0.0001	0.0044	
gpa2_2	360	S	-	1	0.0048	0.0001	0.0022	0.0003	0.0003	0.0	0.0	0.0	0.001	
gpa2_2	361	V	-	1	0.0035	0.0002	0.0025	0.0012	0.0014	0.0	0.0	0.0002	0.0011	
gpa2_2	362	V	-	1	0.0	0.0	0.0034	0.0001	0.0	0.0	0.0	0.0003	0.0005	
gpa2_2	363	S	-	1	0.0001	0.0	0.0042	0.0001	0.0	0.0	0.0	0.0	0.0006	
gpa2_2	364	T	-	1	0.0001	0.0	0.0028	0.0001	0.0001	0.0	0.0	0.0	0.0004	
gpa2_2	365	D	-	1	0.0008	0.0007	0.0035	0.0005	0.0007	0.0003	0.0	0.0001	0.0008	
gpa2_2	366	L	-	1	0.0002	0.0	0.0025	0.0001	0.0001	0.0	0.0	0.0	0.0003	
gpa2_2	367	E	-	1	0.0001	0.0	0.0016	0.0004	0.0	0.0	0.0	0.0001	0.0003	
gpa2_2	368	A	-	1	0.0	0.0001	0.0003	0.0	0.0	0.0	0.0	0.0002	0.0001	
gpa2_2	369	K	-	1	0.0002	0.0001	0.0006	0.0001	0.0	0.0	0.0	0.0	0.0001	
gpa2_2	370	C	-	1	0.0006	0.0	0.0005	0.0	0.0001	0.0	0.0	0.0	0.0001	
gpa2_2	371	M	-	1	0.0009	0.0	0.0002	0.0257	0.0001	0.0	0.0	0.0006	0.0034	
gpa2_2	372	R	-	1	0.0004	0.0001	0.0001	0.0	0.0005	0.0	0.0	0.0	0.0001	
gpa2_2	373	V	-	1	0.0011	0.0001	0.0005	0.0302	0.0009	0.0	0.0	0.0001	0.0041	
gpa2_2	374	L	-	1	0.0	0.0	0.0002	0.0	0.0	0.0	0.0	0.0	0.0	
gpa2_2	375	A	-	1	0.0	0.0	0.0001	0.0	0.0	0.0	0.0	0.0	0.0	
gpa2_2	376	L	-	1	0.0002	0.0005	0.0002	0.0	0.0001	0.0	0.0	0.0	0.0001	
gpa2_2	377	S	-	1	0.0	0.0	0.0	0.0	0.0	0.0	0.0	0.0	0.0	
gpa2_2	378	Y	-	1	0.0	0.0	0.0001	0.0	0.0	0.0	0.0	0.0	0.0	
gpa2_2	379	H	-	1	0.0	0.0	0.0	0.0	0.0	0.0	0.0	0.0	0.0	
gpa2_2	380	H	-	1	0.0	0.0	0.0	0.0	0.0	0.0	0.0	0.0	0.0	
gpa2_2	381	L	-	1	0.0	0.0	0.0	0.0004	0.0	0.0	0.0	0.0	0.0001	
gpa2_2	382	P	-	1	0.0	0.0	0.0	0.0	0.0	0.0	0.0	0.0	0.0	
gpa2_2	383	S	-	1	0.0	0.0	0.0	0.0	0.0	0.0	0.0	0.0	0.0	
gpa2_2	384	H	-	1	0.0002	0.0	0.0	0.0	0.0001	0.0	0.0	0.0	0.0	
gpa2_2	385	L	-	1	0.0	0.0	0.0	0.0007	0.0001	0.0	0.0	0.0	0.0001	
gpa2_2	386	K	-	1	0.0	0.0	0.0	0.0	0.0	0.0	0.0	0.0	0.0	
gpa2_2	387	P	-	1	0.0	0.0	0.0	0.0018	0.0	0.0	0.0	0.0002	0.0002	
gpa2_2	388	C	-	1	0.0	0.0	0.0	0.0	0.0	0.0	0.0	0.0	0.0	
gpa2_2	389	F	-	1	0.0002	0.0001	0.0	0.0001	0.0	0.0	0.0	0.0	0.0001	
gpa2_2	390	L	-	1	0.0	0.0	0.0	0.0	0.0	0.0	0.0	0.0	0.0	
gpa2_2	391	Y	-	1	0.0	0.0	0.0	0.0018	0.0	0.0	0.0	0.0004	0.0003	
gpa2_2	392	F	-	1	0.0	0.0	0.0	0.0	0.0	0.0	0.0	0.0001	0.0	
gpa2_2	393	A	-	1	0.0	0.0	0.0	0.0	0.0	0.0	0.0	0.0	0.0	
gpa2_2	394	I	-	1	0.0	0.0	0.0	0.0	0.0	0.0	0.0	0.0	0.0	
gpa2_2	395	F	-	1	0.0	0.0	0.0	0.0	0.0	0.0	0.0	0.0003	0.0	
gpa2_2	396	A	-	1	0.0	0.0	0.0001	0.0001	0.0001	0.0001	0.0	0.006	0.0008	
gpa2_2	397	E	-	1	0.0	0.0	0.0001	0.0	0.0	0.0	0.0	0.0	0.0	
gpa2_2	398	D	-	1	0.0009	0.0	0.0002	0.0001	0.0002	0.0001	0.0	0.0013	0.0003	
gpa2_2	399	E	-	1	0.0	0.0	0.0001	0.0	0.0	0.0	0.0	0.0	0.0	
gpa2_2	400	R	-	1	0.0002	0.0	0.0002	0.0001	0.0	0.0	0.0	0.0	0.0001	
gpa2_2	401	I	-	1	0.0003	0.0	0.0004	0.0001	0.0	0.0	0.0	0.0	0.0001	
gpa2_2	402	Y	-	1	0.0	0.0	0.0001	0.0001	0.0	0.0	0.0	0.0	0.0	
gpa2_2	403	V	-	1	0.0006	0.0	0.0002	0.0	0.0	0.0	0.0	0.0	0.0001	
gpa2_2	404	N	-	1	0.0001	0.0	0.0001	0.0	0.0	0.0	0.0	0.0	0.0	
gpa2_2	405	K	-	1	0.0	0.0	0.0001	0.0	0.0	0.0	0.0	0.0	0.0	
gpa2_2	406	L	-	1	0.0007	0.0001	0.0002	0.0001	0.0001	0.0	0.0	0.0001	0.0001	
gpa2_2	407	V	-	1	0.0	0.0	0.0001	0.0	0.0	0.0	0.0	0.0	0.0	
gpa2_2	408	E	-	1	0.0	0.0	0.0001	0.0	0.0	0.0	0.0	0.0	0.0	
gpa2_2	409	L	-	1	0.0	0.0	0.0001	0.0	0.0	0.0	0.0	0.0	0.0	
gpa2_2	410	W	-	1	0.0001	0.0	0.0001	0.0	0.0001	0.0	0.0	0.0	0.0	
gpa2_2	411	A	-	1	0.0	0.0002	0.0003	0.0	0.0	0.0	0.0	0.0	0.0001	
gpa2_2	412	V	-	1	0.0	0.0	0.0006	0.0	0.0	0.0	0.0	0.0	0.0001	
gpa2_2	413	E	-	1	0.0001	0.0	0.0011	0.0	0.0	0.0	0.0	0.0001	0.0002	
gpa2_2	414	G	-	1	0.0	0.0	0.0003	0.0	0.0	0.0	0.0	0.0	0.0	
gpa2_2	415	F	-	1	0.0	0.0	0.0007	0.0	0.0	0.0	0.0	0.0	0.0001	
gpa2_2	416	L	-	1	0.0	0.0	0.0003	0.0	0.0	0.0	0.0	0.0	0.0	
gpa2_2	417	N	-	1	0.0	0.0	0.0003	0.0	0.0	0.0	0.0	0.0	0.0	
gpa2_2	418	E	-	1	0.0	0.0	0.0003	0.0	0.0	0.0	0.0	0.0	0.0	
gpa2_2	419	E	-	1	0.0002	0.0	0.0005	0.0	0.0	0.0	0.0	0.0	0.0001	
gpa2_2	420	E	-	1	0.0	0.0	0.001	0.0002	0.0	0.0	0.0	0.0	0.0002	
gpa2_2	421	G	-	1	0.0001	0.0	0.0004	0.0049	0.0	0.0	0.0	0.0	0.0007	
gpa2_2	422	K	-	1	0.0002	0.0	0.0003	0.0001	0.0001	0.0	0.0	0.0	0.0001	
gpa2_2	423	S	-	1	0.0003	0.0002	0.0002	0.0	0.0001	0.0001	0.0	0.0	0.0001	
gpa2_2	424	I	-	1	0.0001	0.0	0.0007	0.0015	0.0	0.0	0.0	0.0	0.0003	
gpa2_2	425	E	-	1	0.0	0.0	0.0001	0.0002	0.0	0.0	0.0	0.0	0.0	
gpa2_2	426	E	-	1	0.0002	0.0	0.0002	0.0	0.0	0.0	0.0	0.0	0.0001	
gpa2_2	427	V	-	1	0.0	0.0	0.0003	0.0	0.0	0.0	0.0	0.0001	0.0001	
gpa2_2	428	A	-	1	0.0	0.0	0.0001	0.0002	0.0	0.0	0.0	0.0	0.0	
gpa2_2	429	E	-	1	0.0	0.0	0.0001	0.0002	0.0	0.0	0.0	0.0	0.0	
gpa2_2	430	T	-	1	0.0	0.0	0.0	0.0001	0.0	0.0	0.0	0.0	0.0	
gpa2_2	431	C	-	1	0.0	0.0	0.0	0.0001	0.0002	0.0	0.0	0.0	0.0	
gpa2_2	432	I	-	1	0.0001	0.0	0.0	0.0002	0.0003	0.0001	0.0	0.0	0.0001	
gpa2_2	433	N	-	1	0.0	0.0	0.0	0.0	0.0	0.0	0.0	0.0	0.0	
gpa2_2	434	E	-	1	0.0	0.0	0.0	0.0	0.0	0.0	0.0	0.0	0.0	
gpa2_2	435	L	-	1	0.0001	0.0	0.0012	0.0001	0.0	0.0	0.0	0.0	0.0002	
gpa2_2	436	V	-	1	0.0	0.0	0.0	0.0	0.0	0.0	0.0	0.0	0.0	
gpa2_2	437	D	-	1	0.0001	0.0	0.0001	0.0001	0.0	0.0	0.0	0.0	0.0	
gpa2_2	438	R	-	1	0.0001	0.0	0.0001	0.0	0.0	0.0	0.0	0.0011	0.0002	
gpa2_2	439	S	-	1	0.0006	0.0	0.0	0.0	0.0004	0.0	0.0	0.0002	0.0002	
gpa2_2	440	L	-	1	0.0001	0.0001	0.0001	0.0004	0.0004	0.0004	0.0	0.0117	0.0016	
gpa2_2	441	I	-	1	0.0004	0.0001	0.0002	0.0006	0.0021	0.0004	0.0	0.0149	0.0024	
gpa2_2	442	S	-	1	0.0	0.0	0.0001	0.0001	0.0	0.0	0.0	0.0079	0.001	
gpa2_2	443	I	-	1	0.0002	0.0	0.0005	0.0001	0.0001	0.0	0.0	0.0025	0.0004	
gpa2_2	444	H	-	1	0.0	0.0	0.0005	0.0	0.0	0.0	0.0	0.0003	0.0001	
gpa2_2	445	N	-	1	0.0006	0.0	0.0002	0.0004	0.0001	0.0	0.0	0.0004	0.0002	
gpa2_2	446	V	-	1	0.0002	0.0	0.0007	0.0002	0.0	0.0	0.0	0.0007	0.0002	
gpa2_2	447	S	-	1	0.0	0.0	0.0004	0.0	0.0	0.0	0.0	0.0	0.0001	
gpa2_2	448	F	-	1	0.0	0.0	0.0005	0.0001	0.0	0.0	0.0	0.001	0.0002	
gpa2_2	449	D	-	1	0.0	0.0	0.0002	0.0	0.0	0.0	0.0	0.0	0.0	
gpa2_2	450	G	-	1	0.0002	0.0	0.0002	0.0005	0.0001	0.0	0.0	0.0005	0.0002	
gpa2_2	451	E	-	1	0.0	0.0	0.0002	0.0	0.0001	0.0	0.0	0.001	0.0002	
gpa2_2	452	T	-	1	0.0008	0.0014	0.0008	0.0004	0.0004	0.0005	0.0	0.0021	0.0008	
gpa2_2	453	Q	-	1	0.0	0.0	0.0003	0.0008	0.0	0.0	0.0	0.0001	0.0001	
gpa2_2	454	R	-	1	0.0	0.0	0.0	0.0	0.0	0.0	0.0	0.0	0.0	
gpa2_2	455	C	-	1	0.0	0.0	0.0	0.0	0.0	0.0	0.0	0.0	0.0	
gpa2_2	456	G	-	1	0.0	0.0	0.0	0.0	0.0	0.0	0.0	0.0	0.0	
gpa2_2	457	M	-	1	0.0	0.0	0.0	0.0002	0.0	0.0	0.0	0.0	0.0	
gpa2_2	458	H	-	1	0.0	0.0	0.0	0.0007	0.0	0.0	0.0	0.0	0.0001	
gpa2_2	459	D	-	1	0.0	0.0	0.0	0.0001	0.0	0.0	0.0	0.0	0.0	
gpa2_2	460	V	-	1	0.0	0.0	0.0	0.0	0.0	0.0	0.0	0.0	0.0	
gpa2_2	461	T	-	1	0.0001	0.0	0.0001	0.0004	0.0	0.0	0.0	0.0	0.0001	
gpa2_2	462	R	-	1	0.0	0.0	0.0	0.0	0.0	0.0	0.0	0.0	0.0	
gpa2_2	463	E	-	1	0.0	0.0	0.0	0.0	0.0	0.0	0.0	0.0001	0.0	
gpa2_2	464	L	-	1	0.0001	0.0	0.0	0.0	0.0	0.0	0.0	0.0	0.0	
gpa2_2	465	C	-	1	0.0002	0.0006	0.0001	0.0	0.0003	0.0	0.0	0.0	0.0002	
gpa2_2	466	L	-	1	0.0	0.0	0.0001	0.0001	0.0	0.0	0.0	0.0	0.0	
gpa2_2	467	R	-	1	0.0	0.0	0.0001	0.0	0.0001	0.0	0.0	0.0	0.0	
gpa2_2	468	E	-	1	0.0	0.0001	0.0004	0.0	0.0	0.0	0.0	0.0	0.0001	
gpa2_2	469	A	-	1	0.0002	0.0014	0.0004	0.0001	0.0013	0.0002	0.0	0.0002	0.0005	
gpa2_2	470	R	-	1	0.0001	0.0001	0.0005	0.0	0.0001	0.0	0.0	0.0024	0.0004	
gpa2_2	471	N	-	1	0.0012	0.0008	0.0013	0.0008	0.0134	0.0002	0.0	0.0005	0.0023	
gpa2_2	472	M	-	1	0.0054	0.0031	0.0334	0.0014	0.0249	0.0008	0.0	0.0303	0.0124	
gpa2_2	473	N	-	1	0.0079	0.0087	0.0012	0.0316	0.1036	0.0008	0.0	0.0452	0.0249	
gpa2_2	474	F	-	1	0.0177	0.0046	0.0015	0.0307	0.0703	0.0084	0.0	0.0522	0.0232	
gpa2_2	475	V	-	1	0.1515	0.012	0.0044	0.0307	0.1224	0.0027	0.0	0.0067	0.0413	
gpa2_2	476	N	-	1	0.001	0.0001	0.002	0.0	0.0002	0.0	0.0	0.0045	0.001	
gpa2_2	477	V	-	1	0.0093	0.0017	0.0036	0.0031	0.0006	0.0001	0.0	0.0038	0.0028	
gpa2_2	478	I	-	1	0.0006	0.0038	0.0069	0.0152	0.0001	0.0	0.0	0.0001	0.0033	
gpa2_2	479	R	-	1	0.002	0.0053	0.0089	0.0047	0.0	0.0001	0.0	0.0003	0.0027	
gpa2_2	480	G	-	1	0.0005	0.0016	0.0114	0.0001	0.0	0.0001	0.0	0.0	0.0017	
gpa2_2	481	K	-	1	0.001	0.0032	0.0132	0.0002	0.0	0.0001	0.0	0.0001	0.0022	
gpa2_2	482	S	-	1	0.0371	0.0157	0.0168	0.0135	0.0003	0.0002	0.0	0.0001	0.0105	
gpa2_2	483	D	-	1	0.0011	0.0021	0.0131	0.0005	0.0	0.0	0.0	0.0	0.0021	
gpa2_2	484	Q	-	1	0.002	0.0038	0.0221	0.0022	0.0004	0.0001	0.0	0.0002	0.0039	
gpa2_2	485	N	-	1	0.0008	0.0058	0.0177	0.0025	0.0004	0.0003	0.0	0.0004	0.0035	
gpa2_2	486	S	-	1	0.0028	0.0094	0.0191	0.0125	0.0027	0.0002	0.0	0.0009	0.0059	
gpa2_2	487	C	-	1	0.0025	0.0027	0.016	0.0003	0.0015	0.0002	0.0	0.0	0.0029	
gpa2_2	488	A	-	1	0.0093	0.0075	0.0149	0.0017	0.0082	0.0004	0.0	0.0005	0.0053	
gpa2_2	489	Q	-	1	0.0022	0.0035	0.0077	0.0024	0.0006	0.0001	0.0	0.0007	0.0022	
gpa2_2	490	S	-	1	0.0004	0.0012	0.0078	0.0006	0.0035	0.0001	0.0	0.0001	0.0017	
gpa2_2	491	M	-	1	0.0004	0.0014	0.006	0.0004	0.0003	0.0	0.0	0.0004	0.0011	
gpa2_2	492	Q	-	1	0.0021	0.0002	0.0032	0.0007	0.0069	0.0001	0.0	0.0052	0.0023	
gpa2_2	493	C	-	1	0.0233	0.0022	0.0029	0.0035	0.0112	0.0	0.0	0.0051	0.006	
gpa2_2	494	S	-	1	0.003	0.0003	0.0019	0.0005	0.045	0.0001	0.0004	0.0144	0.0082	
gpa2_2	495	F	-	1	0.0085	0.0013	0.0023	0.0021	0.0274	0.0002	0.0	0.0308	0.0091	
gpa2_2	496	K	-	1	0.0724	0.0152	0.003	0.0993	0.5473	0.0028	0.9968	0.1742	0.2389	
gpa2_2	497	S	-	1	0.0361	0.0395	0.0088	0.0087	0.3315	0.0015	0.0	0.0237	0.0562	
gpa2_2	498	R	-	1	0.7261	0.5799	0.8533	0.513	0.602	0.0606	0.8891	0.4282	0.5815	
gpa2_2	499	S	-	1	0.0296	0.0088	0.0024	0.0293	0.0349	0.0005	0.0	0.0044	0.0137	
gpa2_2	500	R	-	1	0.0584	0.0163	0.0063	0.1101	0.0075	0.0003	0.0	0.0881	0.0359	
gpa2_2	501	I	-	1	0.0014	0.0006	0.0071	0.0034	0.0002	0.0	0.0	0.0014	0.0018	
gpa2_2	502	S	-	1	0.0049	0.0016	0.0024	0.0002	0.0002	0.0	0.0	0.0002	0.0012	
gpa2_2	503	I	-	1	0.001	0.0003	0.0028	0.0011	0.0001	0.0	0.0	0.0001	0.0007	
gpa2_2	504	H	-	1	0.001	0.0002	0.002	0.0012	0.0001	0.0	0.0	0.0003	0.0006	
gpa2_2	505	N	-	1	0.0024	0.0023	0.0055	0.0024	0.0001	0.0001	0.0	0.0003	0.0016	
gpa2_2	506	E	-	1	0.0073	0.0078	0.0141	0.157	0.0006	0.0006	0.0	0.0006	0.0235	
gpa2_2	507	E	-	1	0.1415	0.1272	0.0177	0.0563	0.0092	0.0016	0.0	0.0003	0.0442	
gpa2_2	508	E	-	1	0.0703	0.0058	0.0084	0.005	0.0021	0.0002	0.0	0.0003	0.0115	
gpa2_2	509	L	-	1	0.0004	0.0046	0.0145	0.0031	0.0012	0.0002	0.0	0.0007	0.0031	
gpa2_2	510	V	-	1	0.0007	0.0009	0.0057	0.0003	0.0007	0.0	0.0	0.0002	0.0011	
gpa2_2	511	W	-	1	0.0016	0.0007	0.007	0.0006	0.0027	0.0	0.0	0.001	0.0017	
gpa2_2	512	C	-	1	0.0021	0.0067	0.0065	0.0005	0.0163	0.0001	0.0	0.0003	0.0041	
gpa2_2	513	R	-	1	0.0011	0.0001	0.0035	0.0003	0.0007	0.0	0.0	0.0002	0.0008	
gpa2_2	514	N	-	1	0.0008	0.0007	0.0038	0.0063	0.0046	0.0001	0.0	0.0116	0.0035	
gpa2_2	515	S	-	1	0.0162	0.0417	0.0142	0.0114	0.0339	0.0002	0.0	0.0087	0.0158	
gpa2_2	516	E	-	1	0.0299	0.006	0.0042	0.0205	0.1165	0.0003	0.0	0.0516	0.0286	
gpa2_2	517	A	-	1	0.0349	0.068	0.0178	0.0134	0.2103	0.007	0.0	0.0945	0.0557	
gpa2_2	518	H	-	1	0.0256	0.0108	0.0089	0.1389	0.0515	0.0008	0.0	0.1191	0.0444	
gpa2_2	519	S	-	1	0.094	0.0125	0.003	0.0009	0.1358	0.0008	0.0	0.009	0.032	
gpa2_2	520	I	-	1	0.716	0.5073	0.9835	0.5105	0.3683	0.0358	0.5765	0.3352	0.5041	
gpa2_2	521	I	-	1	0.0065	0.0161	0.0042	0.008	0.0072	0.0003	0.0	0.0372	0.0099	
gpa2_2	522	T	-	1	0.0105	0.0011	0.0018	0.001	0.0044	0.0002	0.0	0.0162	0.0044	
gpa2_2	523	L	-	1	0.0178	0.0006	0.0055	0.0017	0.003	0.0001	0.0	0.0018	0.0038	
gpa2_2	524	C	-	1	0.0007	0.0005	0.0018	0.0001	0.0001	0.0	0.0	0.0001	0.0004	
gpa2_2	525	I	-	1	0.0007	0.0001	0.0023	0.0	0.0	0.0	0.0	0.0002	0.0004	
gpa2_2	526	F	-	1	0.0014	0.0014	0.0032	0.0133	0.0004	0.0001	0.0	0.0001	0.0025	
gpa2_2	527	K	-	1	0.0002	0.0008	0.0038	0.0101	0.0	0.0	0.0	0.0	0.0019	
gpa2_2	528	C	-	1	0.0042	0.0001	0.0016	0.0038	0.0005	0.0001	0.0	0.0004	0.0013	
gpa2_2	529	V	-	1	0.0009	0.0002	0.0021	0.0107	0.0001	0.0001	0.0	0.0012	0.0019	
gpa2_2	530	T	-	1	0.0013	0.0011	0.0011	0.0046	0.0011	0.0002	0.0	0.0003	0.0012	
gpa2_2	531	L	-	1	0.0	0.0	0.0006	0.0	0.0	0.0	0.0	0.0	0.0001	
gpa2_2	532	E	-	1	0.0019	0.0002	0.0004	0.0071	0.0011	0.0001	0.0	0.0023	0.0016	
gpa2_2	533	L	-	1	0.0002	0.0	0.0001	0.0001	0.0001	0.0	0.0	0.0	0.0001	
gpa2_2	534	S	-	1	0.0206	0.0	0.0002	0.0187	0.0011	0.0	0.0	0.0006	0.0051	
gpa2_2	535	F	-	1	0.0164	0.0148	0.0299	0.0132	0.0075	0.0001	0.0	0.1559	0.0297	
gpa2_2	536	K	-	1	0.0019	0.0011	0.0001	0.0009	0.0027	0.0	0.0	0.0012	0.001	
gpa2_2	537	L	-	1	0.099	0.0094	0.0002	0.0122	0.1699	0.0001	0.9998	0.0503	0.1676	
gpa2_2	538	V	-	1	0.9436	0.9636	1.0	0.7928	0.9191	0.8902	1.0	0.649	0.8948	
gpa2_2	539	R	-	1	0.0007	0.0009	0.0001	0.0656	0.0027	0.0	0.0	0.0147	0.0106	
gpa2_2	540	V	-	1	0.0605	0.0008	0.0003	0.0057	0.0021	0.0004	0.0	0.0564	0.0158	
gpa2_2	541	L	-	1	0.0031	0.0001	0.0004	0.0013	0.0006	0.0	0.0	0.0046	0.0013	
gpa2_2	542	D	-	1	0.0	0.0	0.0001	0.0	0.0	0.0	0.0	0.0003	0.0	
gpa2_2	543	L	-	1	0.0009	0.0	0.0003	0.0002	0.0016	0.0001	0.0	0.0013	0.0005	
gpa2_2	544	G	-	1	0.0	0.0	0.0001	0.0	0.0	0.0	0.0	0.0	0.0	
gpa2_2	545	L	-	1	0.0	0.0	0.0003	0.0003	0.0	0.0	0.0	0.0	0.0001	
gpa2_2	546	T	-	1	0.0001	0.0001	0.0005	0.0026	0.0	0.0	0.0	0.0011	0.0006	
gpa2_2	547	T	-	1	0.0006	0.0001	0.0004	0.0001	0.0	0.0	0.0	0.0	0.0002	
gpa2_2	548	C	-	1	0.0003	0.0001	0.0008	0.0007	0.0001	0.0001	0.0	0.0003	0.0003	
gpa2_2	549	P	-	1	0.0	0.0001	0.0016	0.0004	0.0003	0.0001	0.0	0.0	0.0003	
gpa2_2	550	I	-	1	0.0011	0.001	0.0011	0.0007	0.0008	0.0001	0.0	0.0004	0.0006	
gpa2_2	551	F	-	1	0.0001	0.0	0.0003	0.0011	0.0002	0.0	0.0	0.0003	0.0002	
gpa2_2	552	P	-	1	0.0011	0.0003	0.0005	0.0436	0.0002	0.0001	0.0	0.0006	0.0058	
gpa2_2	553	S	-	1	0.0	0.0	0.0003	0.0005	0.0	0.0	0.0	0.0001	0.0001	
gpa2_2	554	G	-	1	0.0	0.0	0.0	0.0	0.0	0.0	0.0	0.0	0.0	
gpa2_2	555	V	-	1	0.0002	0.0	0.0001	0.0001	0.0001	0.0	0.0	0.0007	0.0002	
gpa2_2	556	L	-	1	0.0	0.0	0.0	0.0002	0.0	0.0	0.0	0.0	0.0	
gpa2_2	557	S	-	1	0.0028	0.0	0.0	0.0004	0.0001	0.0	0.0	0.0	0.0004	
gpa2_2	558	L	-	1	0.0049	0.0009	0.0068	0.0048	0.0008	0.0	0.0	0.0019	0.0025	
gpa2_2	559	I	-	1	0.0001	0.0005	0.0	0.0178	0.0	0.0	0.0	0.0026	0.0026	
gpa2_2	560	H	-	1	0.0025	0.0019	0.0	0.0102	0.0024	0.0	0.0	0.0246	0.0052	
gpa2_2	561	L	-	1	0.8005	0.9763	1.0	0.747	0.7626	0.895	1.0	0.8371	0.8773	
gpa2_2	562	R	-	1	0.0021	0.0004	0.0001	0.0016	0.0003	0.0	0.0	0.0002	0.0006	
gpa2_2	563	Y	-	1	0.0124	0.0002	0.0	0.1985	0.0073	0.0009	0.0	0.1418	0.0451	
gpa2_2	564	L	-	1	0.0015	0.0	0.0004	0.0005	0.0005	0.0	0.0	0.0009	0.0005	
gpa2_2	565	S	-	1	0.0	0.0	0.0	0.0	0.0	0.0	0.0	0.0	0.0	
gpa2_2	566	L	-	1	0.0001	0.0	0.0002	0.0002	0.0	0.0001	0.0	0.0	0.0001	
gpa2_2	567	R	-	1	0.0	0.0	0.0001	0.0007	0.0	0.0	0.0	0.0	0.0001	
gpa2_2	568	F	-	1	0.0	0.0	0.0003	0.0001	0.0	0.0	0.0	0.0	0.0	
gpa2_2	569	N	-	1	0.0001	0.0001	0.0008	0.0073	0.0	0.0001	0.0	0.0	0.001	
gpa2_2	570	P	-	1	0.0008	0.0056	0.0012	0.0103	0.0001	0.0001	0.0	0.0	0.0023	
gpa2_2	571	R	-	1	0.0027	0.001	0.0011	0.0002	0.0001	0.0002	0.0	0.0001	0.0007	
gpa2_2	572	L	-	1	0.0927	0.0907	0.4863	0.1848	0.001	0.0049	0.0	0.0052	0.1082	
gpa2_2	573	Q	-	1	0.0024	0.0046	0.0037	0.0177	0.0001	0.0002	0.0	0.0003	0.0036	
gpa2_2	574	Q	-	1	0.0025	0.0004	0.0043	0.0016	0.0002	0.0001	0.0	0.0	0.0011	
gpa2_2	575	Y	-	1	0.0077	0.0032	0.0196	0.0452	0.0011	0.0002	0.0	0.0038	0.0101	
gpa2_2	576	R	-	1	0.0048	0.0071	0.0043	0.0019	0.0006	0.0003	0.0	0.0006	0.0025	
gpa2_2	577	G	-	1	0.0221	0.0028	0.004	0.0075	0.0065	0.0005	0.0	0.0071	0.0063	
gpa2_2	578	S	-	1	0.0225	0.0015	0.0049	0.0004	0.0065	0.0002	0.0	0.0003	0.0045	
gpa2_2	579	K	-	1	0.01	0.0013	0.0027	0.0102	0.0162	0.0003	0.0	0.0081	0.0061	
gpa2_2	580	E	-	1	0.001	0.0001	0.0013	0.0009	0.003	0.0002	0.0	0.0015	0.001	
gpa2_2	581	A	-	1	0.0041	0.0006	0.0035	0.0013	0.0476	0.0007	0.0	0.0021	0.0075	
gpa2_2	582	V	-	1	0.0003	0.0001	0.0022	0.0002	0.0027	0.0	0.0	0.0002	0.0007	
gpa2_2	583	P	-	1	0.0005	0.0006	0.0022	0.0067	0.0051	0.0003	0.0	0.0138	0.0037	
gpa2_2	584	S	-	1	0.0042	0.0095	0.0018	0.0074	0.0306	0.0009	0.0	0.0341	0.0111	
gpa2_2	585	S	-	1	0.0005	0.0004	0.0011	0.0	0.0013	0.0	0.0	0.0001	0.0004	
gpa2_2	586	I	-	1	0.0009	0.0001	0.0147	0.0019	0.0029	0.0001	0.0	0.0016	0.0028	
gpa2_2	587	I	-	1	0.0	0.0	0.0007	0.0002	0.0002	0.0	0.0	0.0	0.0001	
gpa2_2	588	D	-	1	0.0001	0.0001	0.0007	0.0003	0.0005	0.0	0.0	0.0006	0.0003	
gpa2_2	589	I	-	1	0.0	0.0	0.0002	0.0004	0.0001	0.0	0.0	0.0	0.0001	
gpa2_2	590	P	-	1	0.0003	0.0004	0.0003	0.033	0.0004	0.0001	0.0	0.0004	0.0044	
gpa2_2	591	L	-	1	0.0	0.0	0.0002	0.0002	0.0001	0.0	0.0	0.0001	0.0001	
gpa2_2	592	S	-	1	0.0	0.0	0.0001	0.0	0.0	0.0	0.0	0.0	0.0	
gpa2_2	593	I	-	1	0.0001	0.0	0.0002	0.0002	0.0001	0.0	0.0	0.0003	0.0001	
gpa2_2	594	S	-	1	0.0	0.0	0.0	0.0001	0.0	0.0	0.0	0.0	0.0	
gpa2_2	595	S	-	1	0.0008	0.0	0.0001	0.0003	0.0	0.0	0.0	0.0	0.0002	
gpa2_2	596	L	-	1	0.007	0.0016	0.0225	0.0612	0.0024	0.0	0.0	0.0043	0.0124	
gpa2_2	597	C	-	1	0.0016	0.0015	0.0001	0.0029	0.0003	0.0	0.0	0.0007	0.0009	
gpa2_2	598	Y	-	1	0.0287	0.0075	0.0001	0.0206	0.0158	0.0	0.0005	0.0226	0.012	
gpa2_2	599	L	-	1	0.928	0.976	1.0	0.8087	0.9609	0.9056	1.0	0.8324	0.9264	
gpa2_2	600	Q	-	1	0.0007	0.0008	0.0003	0.0004	0.0006	0.0001	0.0072	0.0055	0.002	
gpa2_2	601	T	-	1	0.0064	0.0016	0.0002	0.0677	0.0107	0.0027	0.0	0.0342	0.0154	
gpa2_2	602	F	-	1	0.0083	0.0001	0.0414	0.0112	0.0012	0.0001	0.0	0.0001	0.0078	
gpa2_2	603	K	-	1	0.0002	0.0001	0.0001	0.0001	0.0	0.0	0.0	0.0005	0.0001	
gpa2_2	604	L	-	1	0.0051	0.0002	0.0006	0.0007	0.0005	0.0001	0.0	0.0003	0.0009	
gpa2_2	605	Y	-	1	0.0002	0.0	0.0005	0.0005	0.0	0.0	0.0	0.0001	0.0002	
gpa2_2	606	H	-	1	0.0003	0.0001	0.0009	0.0003	0.0001	0.0	0.0	0.0	0.0002	
gpa2_2	607	P	-	1	0.0003	0.0001	0.0009	0.0034	0.0	0.0	0.0	0.0001	0.0006	
gpa2_2	608	F	-	1	0.0004	0.0001	0.0019	0.0013	0.0004	0.0001	0.0	0.0	0.0005	
gpa2_2	609	P	-	1	0.0005	0.0002	0.0032	0.0008	0.0002	0.0	0.0	0.0013	0.0008	
gpa2_2	610	N	-	1	0.0011	0.0008	0.0037	0.0003	0.0003	0.0001	0.0	0.0014	0.001	
gpa2_2	611	C	-	1	0.026	0.0279	0.0073	0.0077	0.0047	0.002	0.0	0.0289	0.0131	
gpa2_2	612	Y	-	1	0.0005	0.0002	0.0033	0.0004	0.0006	0.0001	0.0	0.0004	0.0007	
gpa2_2	613	P	-	1	0.0016	0.0003	0.0045	0.0006	0.0002	0.0001	0.0	0.0011	0.001	
gpa2_2	614	F	-	1	0.0001	0.0004	0.0049	0.0001	0.0012	0.0001	0.0	0.0001	0.0008	
gpa2_2	615	I	-	1	0.0019	0.0012	0.002	0.0025	0.0007	0.0001	0.0	0.0007	0.0011	
gpa2_2	616	L	-	1	0.0001	0.0	0.0011	0.0005	0.0002	0.0	0.0	0.0	0.0002	
gpa2_2	617	P	-	1	0.0003	0.0002	0.001	0.0087	0.0002	0.0003	0.0	0.0005	0.0014	
gpa2_2	618	S	-	1	0.0001	0.0	0.0005	0.0026	0.0002	0.0	0.0	0.0008	0.0005	
gpa2_2	619	E	-	1	0.0	0.0	0.0002	0.0	0.0	0.0	0.0	0.0	0.0	
gpa2_2	620	I	-	1	0.0001	0.0	0.0002	0.0001	0.0001	0.0	0.0	0.0006	0.0001	
gpa2_2	621	L	-	1	0.0	0.0	0.0	0.0001	0.0	0.0	0.0	0.0001	0.0	
gpa2_2	622	T	-	1	0.0013	0.0	0.0001	0.0	0.0001	0.0	0.0	0.0	0.0002	
gpa2_2	623	M	-	1	0.0004	0.0007	0.006	0.0071	0.0018	0.0	0.0	0.0033	0.0024	
gpa2_2	624	P	-	1	0.0019	0.008	0.0001	0.0248	0.0013	0.0	0.0	0.0033	0.0049	
gpa2_2	625	Q	-	1	0.0193	0.0049	0.0001	0.0527	0.0294	0.0001	0.0	0.0116	0.0148	
gpa2_2	626	L	-	1	0.9298	0.9768	1.0	0.5384	0.9491	0.9053	1.0	0.8258	0.8907	
gpa2_2	627	R	-	1	0.0029	0.0034	0.0003	0.0007	0.0025	0.0001	0.0	0.0006	0.0013	
gpa2_2	628	K	-	1	0.0087	0.0002	0.0001	0.0096	0.0024	0.0002	0.0	0.0054	0.0033	
gpa2_2	629	L	-	1	0.0005	0.0	0.0011	0.0001	0.0002	0.0	0.0	0.0004	0.0003	
gpa2_2	630	C	-	1	0.0	0.0	0.0001	0.0	0.0	0.0	0.0	0.0017	0.0002	
gpa2_2	631	M	-	1	0.0048	0.0002	0.0013	0.0074	0.0012	0.0002	0.0	0.0019	0.0021	
gpa2_2	632	G	-	1	0.0001	0.0	0.0003	0.0	0.0	0.0	0.0	0.0	0.0001	
gpa2_2	633	W	-	1	0.0001	0.0	0.001	0.0001	0.0	0.0	0.0	0.0	0.0002	
gpa2_2	634	N	-	1	0.0002	0.0001	0.0016	0.0	0.0	0.0	0.0	0.0	0.0003	
gpa2_2	635	Y	-	1	0.0002	0.0008	0.0044	0.0	0.0	0.0	0.0	0.0	0.0007	
gpa2_2	636	L	-	1	0.0012	0.0023	0.0044	0.0001	0.0002	0.0003	0.0	0.0001	0.0011	
gpa2_2	637	R	-	1	0.0015	0.0005	0.0091	0.0001	0.0	0.0	0.0	0.0	0.0014	
gpa2_2	638	S	-	1	0.0002	0.0002	0.0078	0.0001	0.0001	0.0001	0.0	0.0	0.0011	
gpa2_2	639	H	-	1	0.0012	0.0004	0.0069	0.0014	0.001	0.0003	0.0	0.0007	0.0015	
gpa2_2	640	E	-	1	0.0006	0.0004	0.0045	0.0026	0.0002	0.0	0.0	0.0002	0.0011	
gpa2_2	641	P	-	1	0.0011	0.0001	0.005	0.0014	0.0006	0.0001	0.0	0.0012	0.0012	
gpa2_2	642	T	-	1	0.0003	0.0002	0.0037	0.0001	0.0007	0.0001	0.0	0.0001	0.0007	
gpa2_2	643	E	-	1	0.0061	0.0048	0.0112	0.0308	0.0063	0.0004	0.0	0.0032	0.0079	
gpa2_2	644	N	-	1	0.0001	0.0	0.0018	0.0001	0.0003	0.0	0.0	0.0001	0.0003	
gpa2_2	645	R	-	1	0.004	0.0005	0.0016	0.0044	0.0013	0.0002	0.0	0.0007	0.0016	
gpa2_2	646	L	-	1	0.0003	0.0003	0.0011	0.0023	0.0004	0.0	0.0	0.0002	0.0006	
gpa2_2	647	V	-	1	0.0004	0.0	0.0009	0.0	0.0002	0.0	0.0	0.0	0.0002	
gpa2_2	648	L	-	1	0.0021	0.0018	0.0039	0.0036	0.0109	0.0003	0.0	0.0276	0.0063	
gpa2_2	649	K	-	1	0.0007	0.0106	0.0008	0.0195	0.0008	0.0001	0.0	0.0206	0.0066	
gpa2_2	650	S	-	1	0.0153	0.0006	0.001	0.0006	0.0064	0.0	0.0	0.001	0.0031	
gpa2_2	651	L	-	1	0.5822	0.3423	0.9926	0.5818	0.3902	0.0031	0.9687	0.5873	0.556	
gpa2_2	652	Q	-	1	0.0642	0.0249	0.0006	0.2185	0.0108	0.0001	0.0013	0.3194	0.08	
gpa2_2	653	C	-	1	0.1867	0.0128	0.0005	0.0221	0.2038	0.0004	0.2992	0.0339	0.0949	
gpa2_2	654	L	-	1	0.7745	0.5717	1.0	0.7384	0.9009	0.5866	0.996	0.5031	0.7589	
gpa2_2	655	N	-	1	0.0125	0.0015	0.0007	0.0892	0.001	0.0	0.0	0.0149	0.015	
gpa2_2	656	E	-	1	0.0779	0.0007	0.0007	0.0343	0.003	0.0001	0.0	0.0085	0.0157	
gpa2_2	657	L	-	1	0.0035	0.001	0.0013	0.0025	0.0012	0.0	0.0	0.0017	0.0014	
gpa2_2	658	N	-	1	0.0003	0.0001	0.0006	0.0003	0.0	0.0	0.0	0.0	0.0002	
gpa2_2	659	P	-	1	0.0014	0.0005	0.0025	0.0005	0.0003	0.0001	0.0	0.0001	0.0007	
gpa2_2	660	R	-	1	0.0001	0.0	0.0015	0.0001	0.0	0.0	0.0	0.0003	0.0002	
gpa2_2	661	Y	-	1	0.0016	0.0012	0.0025	0.0011	0.0001	0.0001	0.0	0.0005	0.0009	
gpa2_2	662	C	-	1	0.0009	0.0005	0.0029	0.0004	0.0003	0.0002	0.0	0.0003	0.0007	
gpa2_2	663	T	-	1	0.0006	0.0001	0.002	0.0001	0.0001	0.0	0.0	0.0001	0.0004	
gpa2_2	664	G	-	1	0.0004	0.0006	0.0028	0.0007	0.0024	0.0004	0.0	0.0002	0.0009	
gpa2_2	665	S	-	1	0.0096	0.0054	0.0278	0.0059	0.0042	0.0003	0.0	0.0043	0.0072	
gpa2_2	666	F	-	1	0.0001	0.0	0.001	0.0001	0.0	0.0	0.0	0.0001	0.0002	
gpa2_2	667	L	-	1	0.0008	0.0002	0.0013	0.0069	0.0002	0.0002	0.0	0.0003	0.0012	
gpa2_2	668	R	-	1	0.0002	0.0001	0.0009	0.0009	0.0001	0.0	0.0	0.0	0.0003	
gpa2_2	669	L	-	1	0.0003	0.0	0.0005	0.0	0.0001	0.0	0.0	0.0	0.0001	
gpa2_2	670	F	-	1	0.0004	0.0002	0.0017	0.0009	0.0014	0.0001	0.0	0.0003	0.0007	
gpa2_2	671	P	-	1	0.0011	0.0028	0.0003	0.0015	0.0004	0.0	0.0	0.0004	0.0008	
gpa2_2	672	N	-	1	0.0044	0.0001	0.0004	0.0004	0.0001	0.0	0.0	0.0	0.0007	
gpa2_2	673	L	-	1	0.5305	0.2138	0.9744	0.0723	0.0816	0.0004	0.0	0.0204	0.2367	
gpa2_2	674	K	-	1	0.0052	0.0061	0.0004	0.0114	0.0003	0.0	0.0	0.0081	0.0039	
gpa2_2	675	K	-	1	0.0324	0.0092	0.0003	0.0453	0.0559	0.0004	0.0415	0.0169	0.0253	
gpa2_2	676	L	-	1	0.8824	0.8095	1.0	0.7785	0.9525	0.8812	0.9969	0.7421	0.8804	
gpa2_2	677	E	-	1	0.0253	0.0139	0.0008	0.0567	0.0118	0.0002	0.0	0.0215	0.0163	
gpa2_2	678	V	-	1	0.0315	0.0007	0.0009	0.0582	0.0141	0.0007	0.0	0.0405	0.0183	
gpa2_2	679	F	-	1	0.0065	0.0003	0.0011	0.0012	0.002	0.0	0.0	0.0001	0.0014	
gpa2_2	680	G	-	1	0.0024	0.0002	0.0004	0.0	0.0006	0.0	0.0	0.0009	0.0006	
gpa2_2	681	V	-	1	0.0669	0.0016	0.0059	0.0055	0.0051	0.0002	0.0	0.004	0.0111	
gpa2_2	682	K	-	1	0.0006	0.0007	0.002	0.0018	0.0002	0.0	0.0	0.0	0.0007	
gpa2_2	683	E	-	1	0.0037	0.0018	0.0039	0.0192	0.0003	0.0	0.0	0.0003	0.0036	
gpa2_2	684	D	-	1	0.0017	0.0004	0.0037	0.0001	0.0001	0.0	0.0	0.0	0.0008	
gpa2_2	685	F	-	1	0.0004	0.0031	0.0037	0.0013	0.0003	0.0002	0.0	0.0	0.0011	
gpa2_2	686	R	-	1	0.0024	0.0025	0.004	0.0009	0.0007	0.0006	0.0	0.0011	0.0015	
gpa2_2	687	N	-	1	0.0013	0.0002	0.0039	0.0002	0.0003	0.0	0.0	0.0001	0.0007	
gpa2_2	688	H	-	1	0.0007	0.0054	0.0094	0.0159	0.0027	0.0006	0.0	0.0002	0.0044	
gpa2_2	689	K	-	1	0.0007	0.001	0.0115	0.0008	0.0032	0.0003	0.0	0.0016	0.0024	
gpa2_2	690	D	-	1	0.0003	0.0001	0.0017	0.0002	0.0002	0.0	0.0	0.0001	0.0003	
gpa2_2	691	L	-	1	0.0029	0.0005	0.003	0.0019	0.0133	0.0009	0.0	0.0012	0.003	
gpa2_2	692	Y	-	1	0.0013	0.0007	0.0016	0.0055	0.0003	0.0001	0.0	0.0005	0.0013	
gpa2_2	693	D	-	1	0.0001	0.0	0.0007	0.0	0.0001	0.0	0.0	0.0	0.0001	
gpa2_2	694	F	-	1	0.0009	0.0001	0.0012	0.0029	0.0015	0.0002	0.0	0.0002	0.0009	
gpa2_2	695	R	-	1	0.0001	0.0002	0.0003	0.0004	0.0002	0.0	0.0	0.0001	0.0002	
gpa2_2	696	Y	-	1	0.0047	0.0	0.0004	0.0031	0.0002	0.0	0.0	0.0	0.0011	
gpa2_2	697	L	-	1	0.0238	0.019	0.1111	0.0019	0.0089	0.0001	0.0	0.001	0.0207	
gpa2_2	698	Y	-	1	0.0118	0.046	0.0004	0.0125	0.0016	0.0	0.0	0.009	0.0102	
gpa2_2	699	Q	-	1	0.0693	0.021	0.0006	0.0168	0.0364	0.0001	0.0	0.0213	0.0207	
gpa2_2	700	L	-	1	0.9764	0.9361	1.0	0.9223	0.971	0.8912	0.9996	0.8978	0.9493	
gpa2_2	701	E	-	1	0.0448	0.0347	0.0012	0.001	0.0286	0.0005	0.9245	0.0003	0.1295	
gpa2_2	702	K	-	1	0.2043	0.0053	0.0008	0.0575	0.1348	0.0038	0.0	0.067	0.0592	
gpa2_2	703	L	-	1	0.0334	0.0011	0.0623	0.0073	0.0359	0.0005	0.0	0.0471	0.0234	
gpa2_2	704	A	-	1	0.001	0.0001	0.0004	0.0002	0.0003	0.0	0.0	0.0	0.0002	
gpa2_2	705	F	-	1	0.0623	0.0008	0.0016	0.0602	0.0035	0.0001	0.0	0.0199	0.0185	
gpa2_2	706	S	-	1	0.0022	0.0005	0.0017	0.002	0.0002	0.0	0.0	0.0002	0.0009	
gpa2_2	707	T	-	1	0.0015	0.0005	0.0023	0.0003	0.0	0.0	0.0	0.0001	0.0006	
gpa2_2	708	Y	-	1	0.0013	0.0009	0.0037	0.0089	0.0	0.0001	0.0	0.0001	0.0019	
gpa2_2	709	Y	-	1	0.0038	0.0089	0.0067	0.0008	0.0	0.0001	0.0	0.0	0.0025	
gpa2_2	710	S	-	1	0.0019	0.0099	0.0063	0.0018	0.0002	0.0007	0.0	0.0001	0.0026	
gpa2_2	711	S	-	1	0.0632	0.0499	0.2631	0.0265	0.0125	0.0039	0.0	0.0145	0.0542	
gpa2_2	712	S	-	1	0.0202	0.0109	0.0113	0.0022	0.0037	0.0007	0.0	0.0121	0.0076	
gpa2_2	713	A	-	1	0.0059	0.0196	0.0191	0.0071	0.0222	0.0039	0.0	0.0025	0.01	
gpa2_2	714	C	-	1	0.0123	0.026	0.0159	0.0033	0.0086	0.0007	0.0	0.0021	0.0086	
gpa2_2	715	F	-	1	0.0255	0.0151	0.0104	0.0008	0.0091	0.0002	0.0	0.0007	0.0077	
gpa2_2	716	L	-	1	0.017	0.0113	0.0327	0.0015	0.0048	0.0006	0.0	0.0009	0.0086	
gpa2_2	717	K	-	1	0.0025	0.0079	0.0101	0.0096	0.0064	0.0003	0.0	0.0005	0.0047	
gpa2_2	718	N	-	1	0.0028	0.0139	0.0099	0.0042	0.0028	0.0003	0.0	0.0013	0.0044	
gpa2_2	719	T	-	1	0.0095	0.0117	0.0573	0.0443	0.0327	0.0021	0.0	0.0045	0.0203	
gpa2_2	720	A	-	1	0.0039	0.0078	0.0116	0.0039	0.0038	0.0008	0.0	0.0014	0.0041	
gpa2_2	721	P	-	1	0.0043	0.0045	0.0052	0.0003	0.0089	0.0009	0.0	0.0004	0.0031	
gpa2_2	722	L	-	1	0.0124	0.0081	0.0503	0.003	0.0062	0.0015	0.0	0.0001	0.0102	
gpa2_2	723	G	-	1	0.0016	0.0051	0.0171	0.0025	0.0036	0.0008	0.0	0.0006	0.0039	
gpa2_2	724	S	-	1	0.0008	0.0006	0.0061	0.0006	0.0011	0.0004	0.0	0.0008	0.0013	
gpa2_2	725	T	-	1	0.0063	0.0025	0.0083	0.0082	0.0452	0.001	0.0	0.0004	0.009	
gpa2_2	726	P	-	1	0.0056	0.0016	0.0081	0.0014	0.0032	0.0002	0.0	0.0002	0.0026	
gpa2_2	727	Q	-	1	0.0012	0.0001	0.0027	0.0003	0.0071	0.0001	0.0	0.0013	0.0016	
gpa2_2	728	D	-	1	0.0007	0.0001	0.0025	0.0003	0.0016	0.0001	0.0	0.0008	0.0008	
gpa2_2	729	P	-	1	0.0079	0.0014	0.0053	0.002	0.0491	0.0004	0.0	0.0073	0.0092	
gpa2_2	730	L	-	1	0.0206	0.0002	0.0014	0.0086	0.0026	0.0	0.0	0.0047	0.0048	
gpa2_2	731	R	-	1	0.0019	0.0018	0.0013	0.0088	0.0076	0.0001	0.0	0.0061	0.0035	
gpa2_2	732	F	-	1	0.0584	0.0093	0.0008	0.0312	0.0262	0.0001	0.0	0.0142	0.0175	
gpa2_2	733	Q	-	1	0.0334	0.0171	0.0011	0.0161	0.0753	0.0001	0.0	0.0313	0.0218	
gpa2_2	734	M	-	1	0.9795	0.9466	1.0	0.8773	0.977	0.8885	1.0	0.767	0.9295	
gpa2_2	735	E	-	1	0.0131	0.019	0.002	0.0909	0.0392	0.0003	0.0	0.041	0.0257	
gpa2_2	736	T	-	1	0.078	0.0093	0.0018	0.0129	0.1157	0.0037	0.0	0.0953	0.0396	
gpa2_2	737	L	-	1	0.0066	0.0013	0.0245	0.0139	0.0054	0.0002	0.0	0.009	0.0076	
gpa2_2	738	H	-	1	0.0004	0.0003	0.0006	0.0001	0.0001	0.0	0.0	0.0001	0.0002	
gpa2_2	739	L	-	1	0.028	0.0011	0.0138	0.0035	0.0011	0.0001	0.0	0.0017	0.0062	
gpa2_2	740	E	-	1	0.0002	0.0001	0.001	0.0002	0.0	0.0	0.0	0.0001	0.0002	
gpa2_2	741	T	-	1	0.0012	0.0002	0.0021	0.0017	0.0	0.0	0.0	0.0004	0.0007	
gpa2_2	742	H	-	1	0.0036	0.0005	0.0025	0.0016	0.0	0.0001	0.0	0.0001	0.001	
gpa2_2	743	S	-	1	0.0008	0.0026	0.0027	0.0005	0.0	0.0001	0.0	0.0	0.0008	
gpa2_2	744	R	-	1	0.0024	0.0022	0.0049	0.0001	0.0001	0.0002	0.0	0.0001	0.0013	
gpa2_2	745	A	-	1	0.0026	0.001	0.0065	0.0003	0.0002	0.0001	0.0	0.0001	0.0013	
gpa2_2	746	T	-	1	0.0005	0.0019	0.0158	0.0003	0.0003	0.0002	0.0	0.0001	0.0024	
gpa2_2	747	A	-	1	0.0114	0.0039	0.0194	0.0047	0.0048	0.001	0.0	0.0031	0.006	
gpa2_2	748	P	-	1	0.0007	0.0006	0.0063	0.0002	0.0004	0.0	0.0	0.0001	0.001	
gpa2_2	749	P	-	1	0.0067	0.0026	0.0154	0.0026	0.0021	0.0002	0.0	0.0007	0.0038	
gpa2_2	750	T	-	1	0.0003	0.0003	0.0118	0.0017	0.0004	0.0	0.0	0.0003	0.0019	
gpa2_2	751	D	-	1	0.001	0.0016	0.0091	0.0071	0.0011	0.0001	0.0	0.0025	0.0028	
gpa2_2	752	V	-	1	0.0193	0.0232	0.1249	0.4144	0.0161	0.0015	0.0	0.0962	0.0869	
gpa2_2	753	P	-	1	0.0024	0.0031	0.0096	0.0094	0.0007	0.0002	0.0	0.0073	0.0041	
gpa2_2	754	T	-	1	0.0022	0.0005	0.0077	0.0002	0.0011	0.0001	0.0	0.0002	0.0015	
gpa2_2	755	F	-	1	0.0002	0.0007	0.0053	0.0001	0.0017	0.0001	0.0	0.0	0.001	
gpa2_2	756	L	-	1	0.0046	0.0028	0.0082	0.007	0.0007	0.0001	0.0	0.001	0.0031	
gpa2_2	757	L	-	1	0.0004	0.0002	0.0022	0.0001	0.0004	0.0001	0.0	0.0001	0.0004	
gpa2_2	758	P	-	1	0.0025	0.0006	0.0038	0.0238	0.0003	0.0002	0.0	0.0002	0.0039	
gpa2_2	759	P	-	1	0.0008	0.0002	0.0019	0.0011	0.0017	0.0002	0.0	0.0001	0.0007	
gpa2_2	760	P	-	1	0.0002	0.0	0.0007	0.0003	0.0001	0.0	0.0	0.0	0.0002	
gpa2_2	761	D	-	1	0.0003	0.0001	0.0007	0.0008	0.0006	0.0001	0.0	0.0005	0.0004	
gpa2_2	762	C	-	1	0.0001	0.0	0.0002	0.0002	0.0002	0.0	0.0	0.0	0.0001	
gpa2_2	763	F	-	1	0.0024	0.0	0.0002	0.0011	0.0001	0.0	0.0	0.0001	0.0005	
gpa2_2	764	P	-	1	0.0043	0.003	0.0208	0.0048	0.0014	0.0	0.0	0.0036	0.0048	
gpa2_2	765	Q	-	1	0.0054	0.0038	0.0002	0.0153	0.0005	0.0	0.0	0.0048	0.0038	
gpa2_2	766	N	-	1	0.0668	0.0128	0.0001	0.1387	0.0531	0.0	0.9842	0.0693	0.1656	
gpa2_2	767	L	-	1	0.9484	0.9805	1.0	0.8589	0.9489	0.9085	0.9999	0.792	0.9296	
gpa2_2	768	K	-	1	0.0014	0.0081	0.0002	0.0002	0.0055	0.0002	0.0	0.0	0.0019	
gpa2_2	769	S	-	1	0.0122	0.0016	0.0001	0.0034	0.0194	0.0025	0.0	0.0089	0.006	
gpa2_2	770	L	-	1	0.002	0.0002	0.0072	0.0017	0.0011	0.0	0.0	0.0005	0.0016	
gpa2_2	771	T	-	1	0.0001	0.0	0.0001	0.0	0.0	0.0	0.0	0.0001	0.0	
gpa2_2	772	F	-	1	0.0072	0.0002	0.0018	0.0045	0.0005	0.0001	0.0	0.0086	0.0029	
gpa2_2	773	S	-	1	0.0001	0.0	0.0002	0.0001	0.0	0.0	0.0	0.0	0.0001	
gpa2_2	774	G	-	1	0.0001	0.0	0.0005	0.0002	0.0	0.0	0.0	0.0	0.0001	
gpa2_2	775	D	-	1	0.0001	0.0001	0.0008	0.0029	0.0	0.0	0.0	0.0	0.0005	
gpa2_2	776	F	-	1	0.0001	0.0	0.0006	0.0	0.0	0.0	0.0	0.0	0.0001	
gpa2_2	777	F	-	1	0.0008	0.0003	0.0013	0.0	0.0002	0.0003	0.0	0.0	0.0003	
gpa2_2	778	L	-	1	0.0015	0.0002	0.0048	0.0035	0.0002	0.0001	0.0	0.0003	0.0013	
gpa2_2	779	A	-	1	0.0	0.0	0.002	0.0	0.0	0.0	0.0	0.0	0.0003	
gpa2_2	780	W	-	1	0.0005	0.0002	0.0034	0.0017	0.0019	0.0003	0.0	0.0003	0.001	
gpa2_2	781	K	-	1	0.0002	0.0001	0.0039	0.0009	0.0002	0.0001	0.0	0.0014	0.0009	
gpa2_2	782	D	-	1	0.0001	0.0	0.0009	0.0001	0.0001	0.0	0.0	0.0	0.0002	
gpa2_2	783	L	-	1	0.0008	0.0001	0.0024	0.002	0.0007	0.0002	0.0	0.0003	0.0008	
gpa2_2	784	S	-	1	0.0004	0.0002	0.0006	0.0002	0.0001	0.0	0.0	0.0004	0.0002	
gpa2_2	785	I	-	1	0.0	0.0	0.0002	0.0	0.0	0.0	0.0	0.0	0.0	
gpa2_2	786	V	-	1	0.0003	0.0	0.0003	0.0003	0.0002	0.0	0.0	0.0005	0.0002	
gpa2_2	787	G	-	1	0.0	0.0	0.0	0.0002	0.0	0.0	0.0	0.0	0.0	
gpa2_2	788	K	-	1	0.0008	0.0	0.0001	0.0007	0.0	0.0	0.0	0.0	0.0002	
gpa2_2	789	L	-	1	0.0048	0.0002	0.0005	0.0048	0.0009	0.0	0.0	0.0036	0.0018	
gpa2_2	790	P	-	1	0.0006	0.0017	0.0001	0.0057	0.0001	0.0	0.0	0.0001	0.001	
gpa2_2	791	K	-	1	0.0042	0.0018	0.0001	0.0126	0.0019	0.0	0.0	0.0087	0.0036	
gpa2_2	792	L	-	1	0.9429	0.9782	1.0	0.7048	0.9172	0.9076	1.0	0.8074	0.9073	
gpa2_2	793	E	-	1	0.0068	0.0016	0.0002	0.0107	0.0044	0.0	0.0	0.0098	0.0042	
gpa2_2	794	V	-	1	0.0078	0.0004	0.0	0.0014	0.0034	0.0007	0.0	0.0055	0.0024	
gpa2_2	795	L	-	1	0.0031	0.0	0.0005	0.0013	0.0015	0.0	0.0	0.0098	0.002	
gpa2_2	796	Q	-	1	0.0	0.0	0.0	0.0	0.0	0.0	0.0	0.0	0.0	
gpa2_2	797	L	-	1	0.0031	0.0001	0.0082	0.0001	0.0012	0.0001	0.0	0.0059	0.0024	
gpa2_2	798	S	-	1	0.0	0.0	0.0001	0.0	0.0	0.0	0.0	0.0	0.0	
gpa2_2	799	H	-	1	0.0001	0.0	0.0002	0.0006	0.0	0.0	0.0	0.0001	0.0001	
gpa2_2	800	N	-	1	0.0	0.0	0.0005	0.0	0.0	0.0	0.0	0.0	0.0001	
gpa2_2	801	A	-	1	0.0001	0.0002	0.0008	0.0	0.0	0.0	0.0	0.0	0.0001	
gpa2_2	802	F	-	1	0.0004	0.0003	0.0022	0.0003	0.0	0.0001	0.0	0.0001	0.0004	
gpa2_2	803	K	-	1	0.0007	0.0003	0.0048	0.0002	0.0	0.0	0.0	0.0	0.0008	
gpa2_2	804	G	-	1	0.0024	0.0008	0.0069	0.0015	0.0004	0.0002	0.0	0.0003	0.0016	
gpa2_2	805	E	-	1	0.0001	0.0001	0.0036	0.022	0.0002	0.0001	0.0	0.0007	0.0033	
gpa2_2	806	E	-	1	0.0013	0.0002	0.002	0.0042	0.0001	0.0	0.0	0.0001	0.001	
gpa2_2	807	W	-	1	0.0004	0.0	0.001	0.0001	0.0003	0.0	0.0	0.0008	0.0003	
gpa2_2	808	E	-	1	0.0001	0.0	0.0011	0.0	0.0	0.0	0.0	0.0001	0.0002	
gpa2_2	809	V	-	1	0.0001	0.0	0.0007	0.0013	0.0002	0.0	0.0	0.0004	0.0003	
gpa2_2	810	V	-	1	0.0	0.0	0.0003	0.0	0.0	0.0	0.0	0.0001	0.0001	
gpa2_2	811	E	-	1	0.0002	0.0001	0.0004	0.0004	0.0002	0.0	0.0	0.0016	0.0004	
gpa2_2	812	E	-	1	0.0	0.0	0.0002	0.0001	0.0002	0.0	0.0	0.0	0.0001	
gpa2_2	813	G	-	1	0.0026	0.0	0.0002	0.0041	0.0005	0.0	0.0	0.0014	0.0011	
gpa2_2	814	F	-	1	0.003	0.005	0.0085	0.0039	0.0029	0.0001	0.0	0.0074	0.0038	
gpa2_2	815	P	-	1	0.0008	0.0018	0.0001	0.0009	0.0002	0.0	0.0	0.0005	0.0005	
gpa2_2	816	H	-	1	0.0143	0.0026	0.0002	0.0043	0.0226	0.0	0.0004	0.0086	0.0066	
gpa2_2	817	L	-	1	0.9244	0.946	1.0	0.6239	0.9311	0.8928	0.9995	0.6721	0.8737	
gpa2_2	818	K	-	1	0.0113	0.0017	0.0003	0.0045	0.003	0.0001	0.0	0.0012	0.0028	
gpa2_2	819	F	-	1	0.0545	0.0004	0.0001	0.0229	0.0138	0.0006	0.0	0.0108	0.0129	
gpa2_2	820	L	-	1	0.0087	0.0001	0.0006	0.0011	0.0024	0.0	0.0	0.0009	0.0017	
gpa2_2	821	F	-	1	0.0001	0.0	0.0001	0.0	0.0	0.0	0.0	0.0	0.0	
gpa2_2	822	L	-	1	0.0061	0.0002	0.018	0.0001	0.005	0.0006	0.0	0.0023	0.004	
gpa2_2	823	D	-	1	0.0	0.0	0.0003	0.0	0.0	0.0	0.0	0.0	0.0	
gpa2_2	824	S	-	1	0.0002	0.0002	0.001	0.0014	0.0	0.0	0.0	0.0001	0.0004	
gpa2_2	825	I	-	1	0.0	0.0001	0.0022	0.0004	0.0	0.0001	0.0	0.0004	0.0004	
gpa2_2	826	Y	-	1	0.0001	0.0002	0.001	0.0	0.0	0.0	0.0	0.0	0.0002	
gpa2_2	827	I	-	1	0.0094	0.0035	0.0519	0.001	0.0015	0.0016	0.0	0.0011	0.0087	
gpa2_2	828	R	-	1	0.0001	0.0001	0.0027	0.0001	0.0001	0.0001	0.0	0.0004	0.0004	
gpa2_2	829	Y	-	1	0.0003	0.0001	0.0019	0.0005	0.0001	0.0	0.0	0.0	0.0004	
gpa2_2	830	W	-	1	0.0001	0.0	0.0012	0.0011	0.0002	0.0	0.0	0.0004	0.0004	
gpa2_2	831	R	-	1	0.0001	0.0	0.001	0.0013	0.0001	0.0	0.0	0.0002	0.0003	
gpa2_2	832	A	-	1	0.0001	0.0001	0.0012	0.0002	0.0003	0.0002	0.0	0.0006	0.0003	
gpa2_2	833	S	-	1	0.0	0.0	0.0004	0.0	0.0	0.0	0.0	0.0	0.0001	
gpa2_2	834	S	-	1	0.0003	0.0001	0.0007	0.0003	0.0005	0.0001	0.0	0.0026	0.0006	
gpa2_2	835	D	-	1	0.0	0.0	0.0002	0.0005	0.0001	0.0	0.0	0.0	0.0001	
gpa2_2	836	H	-	1	0.0042	0.0	0.0003	0.0022	0.0005	0.0	0.0	0.0008	0.001	
gpa2_2	837	F	-	1	0.0008	0.001	0.0011	0.0047	0.0015	0.0	0.0	0.0009	0.0013	
gpa2_2	838	P	-	1	0.0032	0.0004	0.0001	0.0133	0.0004	0.0	0.0	0.0026	0.0025	
gpa2_2	839	Y	-	1	0.0155	0.0017	0.0001	0.043	0.0173	0.0	0.0083	0.1054	0.0239	
gpa2_2	840	L	-	1	0.9631	0.9571	1.0	0.8964	0.9569	0.9036	1.0	0.7417	0.9273	
gpa2_2	841	E	-	1	0.0033	0.0019	0.0002	0.0034	0.0013	0.0	0.0	0.0024	0.0016	
gpa2_2	842	R	-	1	0.0041	0.0004	0.0001	0.0054	0.0072	0.0009	0.0	0.0054	0.0029	
gpa2_2	843	L	-	1	0.0139	0.0005	0.0017	0.0152	0.0095	0.0001	0.0	0.002	0.0054	
gpa2_2	844	F	-	1	0.0001	0.0	0.0001	0.0	0.0	0.0	0.0	0.0	0.0	
gpa2_2	845	L	-	1	0.0028	0.0	0.0006	0.0	0.0003	0.0001	0.0	0.0008	0.0006	
gpa2_2	846	S	-	1	0.0	0.0	0.0001	0.0	0.0	0.0	0.0	0.0	0.0	
gpa2_2	847	D	-	1	0.0	0.0	0.0003	0.0	0.0	0.0	0.0	0.0	0.0	
gpa2_2	848	C	-	1	0.0001	0.0	0.0005	0.0019	0.0001	0.0001	0.0	0.0001	0.0003	
gpa2_2	849	F	-	1	0.0004	0.0009	0.0004	0.0001	0.0	0.0001	0.0	0.0001	0.0003	
gpa2_2	850	Y	-	1	0.0	0.0001	0.0003	0.0	0.0001	0.0	0.0	0.0	0.0001	
gpa2_2	851	L	-	1	0.0035	0.0002	0.0589	0.0055	0.0004	0.0001	0.0	0.0001	0.0086	
gpa2_2	852	D	-	1	0.0	0.0001	0.0015	0.0002	0.0	0.0	0.0	0.0	0.0002	
gpa2_2	853	S	-	1	0.0003	0.0	0.0006	0.0049	0.0002	0.0	0.0	0.0004	0.0008	
gpa2_2	854	I	-	1	0.0	0.0	0.0007	0.0001	0.0	0.0	0.0	0.0001	0.0001	
gpa2_2	855	P	-	1	0.0002	0.0	0.0005	0.0004	0.0	0.0001	0.0	0.0	0.0002	
gpa2_2	856	R	-	1	0.0	0.0	0.0003	0.0004	0.0	0.0	0.0	0.0001	0.0001	
gpa2_2	857	D	-	1	0.0	0.0	0.0003	0.0	0.0	0.0	0.0	0.0	0.0	
gpa2_2	858	F	-	1	0.0003	0.0	0.0005	0.0	0.0002	0.0001	0.0	0.0005	0.0002	
gpa2_2	859	A	-	1	0.0	0.0	0.0001	0.0001	0.0	0.0	0.0	0.0	0.0	
gpa2_2	860	D	-	1	0.0004	0.0	0.0002	0.0012	0.0	0.0	0.0	0.0	0.0002	
gpa2_2	861	I	-	1	0.0136	0.0032	0.0177	0.007	0.0016	0.0	0.0	0.0009	0.0055	
gpa2_2	862	T	-	1	0.0009	0.0001	0.0001	0.003	0.0001	0.0	0.0	0.0057	0.0012	
gpa2_2	863	T	-	1	0.0134	0.002	0.0001	0.0176	0.0138	0.0	0.0021	0.0061	0.0069	
gpa2_2	864	L	-	1	0.9118	0.9488	1.0	0.778	0.8978	0.893	0.9988	0.6816	0.8887	
gpa2_2	865	A	-	1	0.0142	0.0018	0.0003	0.0054	0.0025	0.0	0.0	0.0001	0.003	
gpa2_2	866	L	-	1	0.0024	0.0009	0.0001	0.0038	0.0016	0.0006	0.0	0.003	0.0016	
gpa2_2	867	I	-	1	0.0091	0.0005	0.0008	0.0035	0.0036	0.0001	0.0	0.0056	0.0029	
gpa2_2	868	D	-	1	0.0	0.0	0.0001	0.0	0.0	0.0	0.0	0.0	0.0	
gpa2_2	869	I	-	1	0.0003	0.0	0.0003	0.0	0.0001	0.0	0.0	0.0	0.0001	
gpa2_2	870	F	-	1	0.0	0.0	0.0001	0.0	0.0	0.0	0.0	0.0	0.0	
gpa2_2	871	R	-	1	0.0	0.0	0.0003	0.0	0.0	0.0	0.0	0.0	0.0	
gpa2_2	872	C	-	1	0.0	0.0	0.0007	0.0	0.0	0.0	0.0	0.0	0.0001	
gpa2_2	873	Q	-	1	0.0	0.0	0.0003	0.0	0.0	0.0	0.0	0.0	0.0	
gpa2_2	874	Q	-	1	0.0001	0.0001	0.0007	0.0	0.0	0.0001	0.0	0.0	0.0001	
gpa2_2	875	S	-	1	0.0013	0.0002	0.0031	0.0013	0.0001	0.0	0.0	0.0003	0.0008	
gpa2_2	876	V	-	1	0.0001	0.0	0.0012	0.0	0.0	0.0	0.0	0.0	0.0002	
gpa2_2	877	G	-	1	0.0	0.0	0.0009	0.0001	0.0	0.0	0.0	0.0	0.0001	
gpa2_2	878	N	-	1	0.0008	0.0002	0.0017	0.0004	0.0001	0.0	0.0	0.0	0.0004	
gpa2_2	879	S	-	1	0.0001	0.0001	0.0008	0.0001	0.0001	0.0	0.0	0.0	0.0001	
gpa2_2	880	A	-	1	0.0007	0.0003	0.0019	0.0001	0.0002	0.0	0.0	0.0001	0.0004	
gpa2_2	881	K	-	1	0.0	0.0	0.0007	0.0	0.0	0.0	0.0	0.0	0.0001	
gpa2_2	882	Q	-	1	0.0001	0.0	0.0008	0.0001	0.0001	0.0	0.0	0.0	0.0002	
gpa2_2	883	I	-	1	0.0002	0.0009	0.0015	0.0002	0.0001	0.0	0.0	0.0001	0.0004	
gpa2_2	884	Q	-	1	0.0004	0.0007	0.001	0.0004	0.0001	0.0001	0.0	0.0001	0.0003	
gpa2_2	885	Q	-	1	0.0008	0.0004	0.0015	0.0007	0.0002	0.0	0.0	0.0	0.0004	
gpa2_2	886	D	-	1	0.0023	0.0003	0.0008	0.0046	0.0019	0.0001	0.0	0.0	0.0012	
gpa2_2	887	I	-	1	0.0006	0.0002	0.0007	0.0136	0.0003	0.0	0.0	0.0	0.0019	
gpa2_2	888	Q	-	1	0.0044	0.0004	0.0004	0.0118	0.0024	0.0001	0.0	0.0002	0.0025	
gpa2_2	889	D	-	1	0.0	0.0	0.0011	0.0003	0.0001	0.0	0.0	0.0002	0.0002	
gpa2_2	890	N	-	1	0.0169	0.0006	0.0005	0.0021	0.0302	0.0001	0.0	0.0033	0.0067	
gpa2_2	891	Y	-	1	0.0	0.0001	0.0014	0.0001	0.0003	0.0	0.0	0.0006	0.0003	
gpa2_2	892	G	-	1	0.2002	0.026	0.0125	0.1104	0.2102	0.0022	0.7752	0.1093	0.1807	
gpa2_2	893	S	-	1	0.0037	0.0003	0.0022	0.0007	0.0126	0.0002	0.0	0.0232	0.0053	
gpa2_2	894	S	-	1	0.1676	0.0184	0.0023	0.0038	0.698	0.0082	0.9925	0.129	0.2525	
gpa2_2	895	I	-	1	0.0154	0.0008	0.0042	0.0063	0.1322	0.0002	0.0	0.016	0.0219	
gpa2_2	896	E	-	1	0.0002	0.0002	0.0009	0.0	0.0025	0.0004	0.0	0.0287	0.0041	
gpa2_2	897	V	-	1	0.0252	0.0053	0.0059	0.0025	0.0309	0.0006	0.0	0.0377	0.0135	
gpa2_2	898	H	-	1	0.0	0.0	0.0022	0.0	0.001	0.0	0.0	0.0027	0.0008	
gpa2_2	899	T	-	1	0.0171	0.0024	0.0033	0.0017	0.011	0.0004	0.0	0.055	0.0114	
gpa2_2	900	R	-	1	0.0002	0.0	0.0016	0.0	0.0001	0.0	0.0	0.0003	0.0003	
gpa2_2	901	Y	-	1	0.0001	0.0	0.0007	0.0	0.0001	0.0	0.0	0.0001	0.0001	
gpa2_2	902	L	-	0	-	-	-	-	-	-	-	-	-
gpa2_2	903	Y	-	0	-	-	-	-	-	-	-	-	-
gpa2_2	904	R	-	0	-	-	-	-	-	-	-	-	-
gpa2_2	905	N	-	0	-	-	-	-	-	-	-	-	-
gpa2_2	906	G	-	0	-	-	-	-	-	-	-	-	-
gpa2_2	907	A	-	0	-	-	-	-	-	-	-	-	-
gpa2_2	908	F	-	0	-	-	-	-	-	-	-	-	-
gpa2_2	909	L	-	0	-	-	-	-	-	-	-	-	-
gpa2_2	910	V	-	0	-	-	-	-	-	-	-	-	-
gpa2_2	911	V	-	0	-	-	-	-	-	-	-	-	-
